0 4
0 10
0 11
0 15
0 20
0 31
0 32
0 38
0 40
0 148
0 283
0 373
0 438
0 733
0 753
1 8
1 12
1 30
1 36
1 37
1 97
1 168
1 198
1 366
1 367
1 518
1 641
2 7
2 12
2 14
2 18
2 19
2 26
2 27
2 28
2 30
2 35
2 47
2 218
2 868
2 909
2 940
3 7
3 10
3 12
3 14
3 18
3 32
3 41
3 43
3 44
3 177
3 228
3 337
3 632
3 646
3 859
3 902
4 0
4 15
4 30
4 31
4 39
4 257
4 735
4 809
4 812
4 902
5 20
5 34
5 117
5 443
5 596
5 619
5 964
6 12
6 13
6 17
6 18
6 24
6 26
6 42
6 743
6 823
6 903
7 2
7 3
7 10
7 14
7 15
7 36
7 42
7 44
7 83
7 201
7 460
7 598
7 635
7 652
7 883
8 1
8 19
8 24
8 26
8 29
8 34
8 35
8 37
8 41
8 44
8 141
8 223
8 253
8 335
8 641
8 709
8 955
9 10
9 21
9 22
9 29
9 139
10 0
10 3
10 7
10 9
10 22
10 26
10 28
10 29
10 32
10 33
10 35
10 36
10 37
10 44
10 370
10 512
10 647
10 648
10 697
10 826
10 902
11 0
11 12
11 14
11 15
11 20
11 23
11 26
11 28
11 34
11 39
11 116
11 146
11 302
11 530
11 667
11 970
12 1
12 2
12 3
12 6
12 11
12 14
12 15
12 17
12 24
12 33
12 36
12 39
12 232
12 455
12 529
12 752
13 6
13 15
13 16
13 20
13 26
13 29
13 32
13 39
13 41
13 167
13 184
13 707
13 835
14 2
14 3
14 7
14 11
14 12
14 15
14 19
14 23
14 27
14 30
14 32
14 187
14 282
14 743
14 979
15 0
15 4
15 7
15 11
15 12
15 13
15 14
15 18
15 23
15 24
15 31
15 32
15 35
15 96
15 339
15 654
15 669
15 959
16 13
16 19
16 22
16 32
16 40
16 83
16 538
16 573
16 675
17 6
17 12
17 18
17 22
17 26
17 33
17 71
17 132
17 171
17 322
17 622
17 671
17 680
17 696
17 882
18 2
18 3
18 6
18 15
18 17
18 21
18 24
18 27
18 33
18 190
18 244
18 312
19 2
19 8
19 14
19 16
19 36
19 40
19 41
19 44
19 818
19 820
19 970
20 0
20 5
20 11
20 13
20 26
20 36
20 38
20 94
20 555
20 947
21 9
21 18
21 28
21 40
21 41
21 42
21 327
22 9
22 10
22 16
22 17
22 27
22 30
22 32
22 35
22 56
22 379
22 741
22 854
22 872
23 11
23 14
23 15
23 25
23 27
23 40
23 166
23 246
23 250
23 440
23 535
23 661
24 6
24 8
24 12
24 15
24 18
24 37
24 42
24 71
24 529
24 635
24 818
25 23
25 27
25 29
25 31
25 41
25 165
25 678
25 953
26 2
26 6
26 8
26 10
26 11
26 13
26 17
26 20
26 27
26 30
26 41
26 113
26 153
26 564
26 892
26 914
26 917
27 2
27 14
27 18
27 22
27 23
27 25
27 26
27 30
27 33
27 34
27 164
27 375
28 2
28 10
28 11
28 21
28 37
28 41
28 529
29 8
29 9
29 10
29 13
29 25
29 36
29 38
29 40
29 71
29 896
30 1
30 2
30 4
30 14
30 22
30 26
30 27
30 31
30 41
30 42
30 188
30 217
30 310
30 868
30 918
31 0
31 4
31 15
31 25
31 30
31 33
31 41
31 98
31 157
31 302
31 514
31 562
31 578
31 609
32 0
32 3
32 10
32 13
32 14
32 15
32 16
32 22
32 34
32 316
32 697
33 10
33 12
33 17
33 18
33 27
33 31
33 36
33 112
33 363
33 553
33 594
33 705
33 748
33 869
34 5
34 8
34 11
34 27
34 32
34 35
34 44
34 443
34 562
34 653
35 2
35 8
35 10
35 15
35 22
35 34
35 297
35 308
35 650
35 672
35 970
36 1
36 7
36 10
36 12
36 19
36 20
36 29
36 33
36 54
36 239
36 418
36 574
36 662
36 778
37 1
37 8
37 10
37 24
37 28
37 39
37 379
37 508
37 621
37 951
38 0
38 20
38 29
38 40
38 213
38 414
39 4
39 11
39 12
39 13
39 37
39 43
39 304
39 766
40 0
40 16
40 19
40 21
40 23
40 29
40 38
40 42
40 130
40 201
40 691
40 933
41 3
41 8
41 13
41 19
41 21
41 25
41 26
41 28
41 30
41 31
41 43
41 367
41 384
42 6
42 7
42 21
42 24
42 30
42 40
42 44
42 58
42 83
42 364
42 544
42 606
42 971
43 3
43 39
43 41
43 314
43 593
43 790
44 3
44 7
44 8
44 10
44 19
44 34
44 42
44 292
44 787
45 125
45 170
45 186
45 205
45 259
45 544
45 635
45 639
45 661
45 672
45 708
45 744
45 803
45 815
45 829
45 848
45 849
45 875
46 121
46 264
46 396
46 437
46 498
46 545
46 620
46 621
46 669
46 821
46 856
46 876
47 2
47 115
47 145
47 218
47 219
47 497
47 723
47 815
48 92
48 225
48 299
48 576
48 725
48 822
48 829
48 964
49 218
49 227
49 275
49 302
49 367
49 697
49 829
49 897
49 979
50 82
50 435
50 485
50 540
50 793
50 924
51 71
51 412
51 504
51 540
51 576
51 621
51 760
51 768
51 787
51 810
51 979
52 63
52 198
52 226
52 391
52 557
52 570
52 604
52 625
52 677
52 687
52 695
52 719
52 759
52 811
52 820
52 938
52 952
53 106
53 142
53 278
53 427
53 619
53 710
53 724
53 904
54 36
54 295
54 311
54 520
54 529
54 538
54 686
54 777
54 822
54 826
54 868
54 894
55 74
55 162
55 256
55 333
55 346
55 370
55 391
55 415
55 512
55 716
55 821
55 871
55 910
56 22
56 160
56 362
56 369
56 474
56 535
56 598
56 840
56 902
56 935
57 83
57 107
57 153
57 260
57 269
57 381
57 535
57 806
57 810
57 912
58 42
58 88
58 105
58 256
58 269
58 470
58 517
58 551
58 562
58 578
58 588
58 727
58 783
58 798
58 888
58 921
59 284
59 346
59 403
59 472
59 492
59 781
59 840
59 911
59 919
60 77
60 290
60 315
60 334
60 534
60 582
60 593
60 600
60 667
60 706
60 748
60 848
60 871
60 888
61 138
61 277
61 370
61 431
61 633
61 643
61 660
61 884
61 957
61 964
62 83
62 188
62 445
62 515
62 781
63 52
63 132
63 198
63 223
63 247
63 248
63 368
63 635
63 649
63 664
63 750
63 944
64 334
64 370
64 424
64 458
64 468
64 522
64 524
64 610
64 623
64 680
64 690
64 702
64 780
64 954
65 77
65 81
65 192
65 198
65 260
65 285
65 298
65 419
65 453
65 503
65 530
65 531
65 563
65 632
65 645
65 755
65 842
65 884
65 909
66 71
66 265
66 279
66 400
66 646
66 652
66 659
66 713
66 901
67 92
67 143
67 185
67 195
67 207
67 369
67 399
67 609
67 646
67 653
67 851
67 927
68 77
68 100
68 124
68 241
68 250
68 266
68 314
68 333
68 368
68 424
68 501
68 511
68 535
68 545
68 555
68 581
68 606
68 751
68 800
68 804
68 891
68 901
68 904
68 906
68 950
68 959
68 960
69 84
69 161
69 223
69 226
69 387
69 499
69 680
69 745
70 76
70 136
70 160
70 222
70 437
70 590
70 651
70 785
70 902
70 954
71 17
71 24
71 29
71 51
71 66
71 121
71 140
71 143
71 198
71 247
71 248
71 249
71 253
71 284
71 310
71 355
71 367
71 379
71 384
71 470
71 497
71 509
71 512
71 519
71 529
71 555
71 566
71 605
71 712
71 713
71 720
71 721
71 808
71 840
71 861
71 869
71 887
71 892
71 925
72 246
72 282
72 337
72 345
72 907
73 158
73 205
73 273
73 349
73 368
73 438
73 508
73 589
73 735
73 889
73 954
74 55
74 147
74 229
74 245
74 482
74 582
75 83
75 172
75 201
75 218
75 235
75 325
75 341
75 360
75 420
75 441
75 443
75 540
75 543
75 569
75 591
75 611
75 625
75 633
75 635
75 637
75 681
75 698
75 769
75 847
75 901
75 907
76 70
76 146
76 278
76 604
76 713
77 60
77 65
77 68
77 113
77 140
77 169
77 212
77 264
77 273
77 314
77 371
77 399
77 412
77 424
77 444
77 449
77 463
77 502
77 555
77 596
77 606
77 619
77 741
77 745
77 750
77 751
77 758
77 768
77 805
77 808
77 879
77 889
77 899
77 934
77 970
77 978
78 94
78 95
78 157
78 183
78 419
78 494
78 597
79 371
79 382
79 542
79 633
79 744
79 760
79 763
79 826
79 923
79 927
79 935
79 960
80 100
80 151
80 187
80 498
80 529
80 530
80 541
80 721
80 744
80 823
81 65
81 232
81 588
82 50
82 93
82 121
82 201
82 542
82 652
83 7
83 16
83 42
83 57
83 62
83 75
83 121
83 162
83 267
83 282
83 306
83 308
83 315
83 320
83 333
83 341
83 395
83 420
83 450
83 476
83 498
83 504
83 511
83 512
83 522
83 546
83 566
83 598
83 647
83 698
83 745
83 763
83 769
83 794
83 799
83 838
83 840
83 902
83 932
83 941
83 953
83 954
83 964
84 69
84 112
84 349
84 424
84 804
84 892
84 933
85 143
85 166
85 304
85 307
85 378
85 445
85 570
85 573
85 621
85 682
85 722
85 783
85 796
86 91
86 121
86 287
86 364
86 807
86 900
87 456
87 475
87 699
87 713
87 793
87 878
87 889
87 892
87 917
88 58
88 210
88 219
88 328
88 333
88 347
88 374
88 378
88 682
88 820
88 906
88 972
89 94
89 318
89 348
89 748
89 864
90 127
90 315
90 473
90 837
90 876
90 893
90 978
91 86
91 165
91 177
91 421
91 438
91 455
91 461
91 464
91 470
91 478
91 657
91 670
91 679
91 697
91 698
91 792
91 901
91 907
91 971
92 48
92 67
92 162
92 226
92 237
92 289
92 310
92 435
92 456
92 508
92 629
92 641
92 655
92 735
92 750
92 763
92 790
92 803
92 864
92 884
92 889
92 920
93 82
93 128
93 194
93 221
93 234
93 265
93 304
93 477
93 482
93 499
93 593
93 612
93 619
93 751
93 826
93 877
93 927
93 962
94 20
94 78
94 89
94 117
94 375
94 390
94 391
94 455
94 467
94 553
94 617
94 630
94 665
94 754
94 802
94 809
94 826
94 976
95 78
95 110
95 118
95 230
95 305
95 322
95 565
95 591
95 640
95 693
95 700
95 774
95 831
95 875
95 888
96 15
96 163
96 201
96 223
96 582
96 750
96 906
97 1
97 156
97 277
97 379
97 511
97 551
97 605
97 606
97 663
97 698
97 795
97 847
98 31
98 145
98 146
98 378
98 384
98 417
98 447
98 480
98 491
98 514
98 530
98 542
98 570
98 598
98 607
98 657
98 732
98 772
98 815
98 827
98 879
98 949
98 964
98 970
98 974
99 320
99 468
99 708
99 745
99 879
99 934
99 950
100 68
100 80
100 188
100 198
100 201
100 261
100 287
100 429
100 444
100 477
100 535
100 553
100 565
100 621
100 635
100 697
100 740
100 778
100 823
100 941
100 965
101 422
101 444
101 815
102 201
102 230
102 246
102 303
102 404
102 475
102 829
102 889
102 895
102 950
103 353
103 494
103 523
103 545
103 560
103 742
103 826
103 858
103 864
103 950
103 979
104 249
104 422
104 541
104 570
104 574
104 609
104 643
104 875
105 58
105 175
105 202
105 214
105 234
105 367
105 625
105 852
106 53
106 114
106 197
106 198
106 218
106 269
106 323
106 400
106 459
106 500
106 554
106 576
106 671
106 748
106 795
106 896
106 959
107 57
107 274
107 302
107 347
107 470
107 529
107 646
107 716
107 763
107 777
107 792
107 835
107 916
108 140
108 218
108 240
108 260
108 368
108 570
108 739
108 921
109 117
109 155
109 258
109 482
109 561
109 750
109 805
110 95
110 329
110 512
110 706
110 760
111 277
111 362
111 428
111 468
111 518
111 653
111 726
112 33
112 84
112 277
112 279
112 405
112 465
112 612
112 656
112 724
112 765
112 800
112 806
112 816
112 846
112 897
112 919
113 26
113 77
113 214
113 268
113 273
113 335
113 454
113 502
113 588
113 641
113 662
113 829
113 931
114 106
114 139
114 163
114 183
114 252
114 542
114 588
114 858
114 972
115 47
115 121
115 181
115 218
115 237
115 365
115 418
115 442
115 461
115 508
115 610
115 652
115 674
115 763
115 874
115 895
116 11
116 127
116 303
116 307
116 593
116 809
117 5
117 94
117 109
117 132
117 159
117 181
117 202
117 212
117 218
117 279
117 349
117 405
117 612
117 630
117 815
117 850
117 878
118 95
118 257
118 278
118 324
118 365
118 635
118 769
118 778
118 824
118 873
118 907
119 165
119 231
119 241
119 340
119 487
119 542
119 553
119 571
119 622
119 639
119 647
119 717
119 814
119 975
120 226
120 258
120 336
120 387
120 444
120 662
120 763
120 769
120 777
121 46
121 71
121 82
121 83
121 86
121 115
121 400
121 428
121 545
121 568
121 655
121 748
122 202
122 232
122 371
122 493
122 558
122 808
122 809
123 192
123 201
123 278
123 309
123 422
123 501
123 531
123 794
124 68
124 130
124 209
124 250
124 266
124 277
124 420
124 426
124 529
124 553
124 599
124 680
124 770
124 852
124 929
124 932
124 940
124 966
125 45
125 138
125 198
125 239
125 273
125 288
125 329
125 482
125 529
125 842
125 846
125 869
125 879
125 978
126 127
126 201
126 804
126 817
126 925
127 90
127 116
127 126
127 140
127 198
127 208
127 236
127 238
127 369
127 399
127 558
127 628
127 690
127 819
127 865
128 93
128 359
128 375
128 897
129 148
129 157
129 181
129 208
129 218
129 284
129 379
129 399
129 435
129 461
129 502
129 506
129 570
129 576
129 621
129 634
129 659
129 663
129 742
129 793
129 818
129 827
130 40
130 124
130 246
130 273
130 298
130 489
130 544
130 568
131 158
131 749
131 772
131 920
132 17
132 63
132 117
132 147
132 161
132 211
132 294
132 296
132 430
132 446
132 479
132 529
132 551
132 868
133 146
133 316
133 329
133 390
133 468
133 512
133 575
133 766
133 889
133 897
134 278
134 317
134 692
134 718
134 905
135 158
135 236
135 400
135 405
135 424
135 468
135 535
135 831
135 832
135 849
136 70
136 183
136 198
136 398
136 453
136 742
136 802
136 856
136 950
137 257
137 315
137 399
137 461
137 513
137 732
137 935
137 937
138 61
138 125
138 272
138 344
138 498
138 568
138 570
138 588
138 646
138 677
138 763
138 775
138 827
138 922
139 9
139 114
139 165
139 355
139 476
139 553
139 610
139 614
139 697
139 741
139 787
139 810
139 941
139 962
140 71
140 77
140 108
140 127
140 237
140 242
140 437
140 619
140 713
141 8
141 208
141 223
141 282
141 315
141 352
141 418
141 447
141 489
141 596
141 638
141 672
141 710
141 735
141 779
141 783
141 970
141 971
142 53
142 392
142 395
142 491
142 606
142 798
142 937
143 67
143 71
143 85
143 228
143 428
143 576
144 146
144 198
144 314
144 368
144 378
144 397
144 418
144 457
144 468
144 512
144 565
144 638
144 651
144 654
144 695
144 731
144 783
144 809
144 858
144 889
144 926
144 970
145 47
145 98
145 225
145 436
145 503
145 757
145 836
145 962
146 11
146 76
146 98
146 133
146 144
146 210
146 289
146 553
146 641
146 830
146 895
146 901
146 964
147 74
147 132
147 365
147 467
147 566
147 642
147 715
148 0
148 129
148 197
148 280
148 289
148 302
148 498
148 524
148 530
148 607
148 681
148 763
148 901
149 501
149 506
149 546
149 642
149 701
149 755
149 761
149 774
149 794
149 809
149 937
149 966
150 193
150 237
150 272
150 280
150 305
150 322
150 512
150 533
150 607
150 631
150 657
150 707
150 798
150 826
150 848
150 895
151 80
151 156
151 223
151 260
151 295
151 435
151 544
151 650
152 272
152 595
152 885
153 26
153 57
153 179
153 197
153 223
153 243
153 271
153 278
153 285
153 315
153 322
153 333
153 336
153 341
153 351
153 371
153 381
153 390
153 396
153 399
153 501
153 505
153 539
153 590
153 599
153 620
153 621
153 631
153 652
153 660
153 672
153 673
153 699
153 735
153 749
153 758
153 760
153 781
153 860
153 862
153 870
153 879
153 880
153 896
153 928
153 970
153 979
153 980
154 201
154 231
154 246
154 282
154 290
154 370
154 423
154 529
154 602
154 784
154 900
155 109
155 198
155 258
155 285
155 296
155 523
155 603
155 652
155 684
155 759
155 785
155 870
155 876
155 928
156 97
156 151
156 287
156 608
156 640
156 730
157 31
157 78
157 129
157 208
157 230
157 320
157 377
157 786
157 911
158 73
158 131
158 135
158 196
158 246
158 347
158 580
158 643
158 925
159 117
159 167
159 237
159 648
159 698
159 742
159 867
159 921
159 947
159 978
160 56
160 70
160 214
160 248
160 278
160 282
160 717
160 838
161 69
161 132
161 521
161 709
161 842
161 927
162 55
162 83
162 92
162 302
162 382
162 491
162 529
162 559
162 976
163 96
163 114
163 369
163 387
163 553
163 625
163 763
163 833
163 884
164 27
164 302
164 837
164 858
165 25
165 91
165 119
165 139
165 185
165 220
165 400
165 578
165 626
165 772
165 794
165 812
165 851
165 879
165 904
166 23
166 85
166 366
166 438
166 533
166 553
166 787
166 810
167 13
167 159
167 859
168 1
168 295
168 341
168 351
168 506
168 672
168 785
168 891
168 906
169 77
169 180
169 619
169 666
169 763
169 780
169 783
169 799
169 826
169 937
170 45
170 381
170 472
170 563
170 604
170 698
170 730
170 879
170 902
171 17
171 218
171 234
171 301
171 443
171 565
171 621
171 634
171 769
171 774
171 822
171 828
172 75
172 178
172 251
172 296
172 304
172 333
172 339
172 362
172 507
172 529
172 562
172 619
172 636
172 660
172 772
173 181
173 363
173 405
173 736
173 806
173 929
173 962
174 182
174 202
174 248
174 346
174 555
174 744
175 105
175 277
175 356
175 387
175 482
175 742
175 832
176 260
176 312
176 616
176 702
176 728
176 827
176 828
176 839
176 891
176 964
177 3
177 91
177 201
177 455
177 577
177 802
177 820
177 843
178 172
178 314
178 436
178 444
178 576
178 582
178 621
178 635
178 671
178 678
178 878
178 887
179 153
179 198
179 246
179 893
179 961
180 169
180 346
180 671
180 787
180 826
181 115
181 117
181 129
181 173
181 282
181 286
181 356
181 422
181 487
181 492
181 608
181 730
181 779
181 797
181 826
181 847
181 888
181 924
182 174
182 243
182 394
182 505
182 533
182 635
182 728
182 828
182 885
182 947
182 962
183 78
183 114
183 136
183 219
183 236
183 355
183 368
183 380
183 397
183 398
183 460
183 553
183 565
183 572
183 624
183 646
183 667
183 727
183 778
183 971
184 13
184 779
184 895
184 949
185 67
185 165
185 585
185 609
185 653
185 750
185 809
185 916
186 45
186 582
186 697
186 978
187 14
187 80
187 220
187 385
187 479
187 511
187 530
187 535
187 650
187 698
188 30
188 62
188 100
188 192
188 268
188 380
188 642
188 663
188 788
188 889
188 977
189 208
189 220
189 441
189 482
189 580
189 605
189 611
189 621
189 749
189 760
189 837
189 840
189 893
189 915
189 939
190 18
190 539
190 553
190 606
190 744
190 809
190 941
191 304
191 663
191 744
191 920
192 65
192 123
192 188
192 196
192 218
192 261
192 277
192 395
192 455
192 820
192 844
192 918
192 944
193 150
193 212
193 238
193 379
193 413
193 532
193 724
193 920
194 93
194 467
194 694
194 759
194 854
194 933
195 67
195 418
195 601
195 635
195 734
195 788
195 797
195 905
196 158
196 192
196 316
196 658
196 692
196 876
197 106
197 148
197 153
197 390
197 435
197 575
197 740
197 844
198 1
198 52
198 63
198 65
198 71
198 100
198 106
198 125
198 127
198 136
198 144
198 155
198 179
198 201
198 202
198 237
198 263
198 285
198 311
198 325
198 333
198 344
198 358
198 373
198 457
198 465
198 493
198 517
198 523
198 528
198 529
198 532
198 542
198 550
198 551
198 552
198 553
198 557
198 567
198 584
198 594
198 611
198 652
198 665
198 672
198 698
198 704
198 712
198 715
198 751
198 776
198 783
198 804
198 809
198 815
198 842
198 850
198 877
198 879
198 887
198 892
198 893
198 899
198 907
198 927
198 956
199 200
199 258
199 399
200 199
200 503
200 723
200 907
200 929
201 7
201 40
201 75
201 82
201 96
201 100
201 102
201 123
201 126
201 154
201 177
201 198
201 213
201 238
201 239
201 240
201 307
201 333
201 351
201 366
201 449
201 473
201 498
201 523
201 526
201 531
201 533
201 551
201 559
201 561
201 563
201 638
201 675
201 679
201 739
201 749
201 766
201 767
201 768
201 769
201 814
201 828
201 880
201 911
201 947
201 976
201 979
202 105
202 117
202 122
202 174
202 198
202 237
202 244
202 278
202 302
202 332
202 375
202 379
202 403
202 468
202 503
202 523
202 606
202 618
202 646
202 660
202 672
202 680
202 697
202 709
202 745
202 749
202 765
202 780
202 810
202 824
202 869
202 902
202 906
202 907
202 916
202 970
203 279
203 419
203 766
203 855
203 896
203 897
203 954
203 962
204 230
204 707
204 892
204 928
205 45
205 73
205 347
205 418
205 561
205 915
205 919
205 964
206 424
206 468
206 698
206 718
206 774
206 787
206 827
206 914
207 67
207 320
207 360
207 459
207 631
207 696
207 698
207 722
208 127
208 129
208 141
208 157
208 189
208 257
208 378
208 455
208 523
208 609
208 632
208 748
208 780
208 804
208 918
208 934
209 124
209 268
209 640
209 835
210 88
210 146
210 389
210 403
210 464
210 542
210 601
210 788
210 967
211 132
211 383
211 605
211 645
211 692
211 818
211 963
212 77
212 117
212 193
212 461
212 566
212 577
212 643
212 901
213 38
213 201
213 219
213 297
213 304
213 584
213 686
213 875
213 906
214 105
214 113
214 160
214 253
214 365
214 369
214 483
214 675
214 804
214 809
214 821
214 839
214 934
215 405
215 529
215 697
215 970
216 244
216 628
216 820
217 30
217 218
217 263
217 294
217 302
217 308
217 340
217 363
217 400
217 435
217 474
217 498
217 603
217 621
217 772
218 2
218 47
218 49
218 75
218 106
218 108
218 115
218 117
218 129
218 171
218 192
218 217
218 230
218 238
218 240
218 252
218 253
218 262
218 302
218 304
218 356
218 370
218 386
218 389
218 392
218 406
218 437
218 448
218 460
218 466
218 504
218 507
218 514
218 515
218 518
218 522
218 529
218 531
218 544
218 572
218 577
218 603
218 609
218 662
218 670
218 707
218 708
218 715
218 728
218 735
218 752
218 761
218 763
218 765
218 769
218 775
218 786
218 800
218 808
218 815
218 836
218 848
218 857
218 861
218 863
218 884
218 901
218 922
218 924
218 929
218 957
218 972
218 973
218 979
218 980
219 47
219 88
219 183
219 213
219 390
219 457
219 498
219 595
219 697
219 704
220 165
220 187
220 189
220 315
220 378
220 812
220 843
221 93
221 297
221 455
221 516
221 671
221 752
221 876
221 919
222 70
222 447
222 660
222 862
223 8
223 63
223 69
223 96
223 141
223 151
223 153
223 260
223 289
223 307
223 316
223 367
223 457
223 486
223 535
223 585
223 715
223 722
223 761
223 763
223 809
223 839
223 861
223 891
223 894
223 907
224 357
224 523
224 581
224 599
224 803
225 48
225 145
225 349
225 354
225 669
225 875
225 924
225 929
225 972
226 52
226 69
226 92
226 120
226 298
226 308
226 311
226 460
226 570
226 678
226 873
226 920
226 946
227 49
227 517
227 643
227 675
227 734
227 822
227 962
227 974
228 3
228 143
228 258
228 275
228 333
228 483
228 531
228 673
228 741
228 892
228 964
229 74
229 247
229 315
229 359
229 546
229 559
229 648
229 815
229 933
230 95
230 102
230 157
230 204
230 218
230 246
230 252
230 291
230 380
230 390
230 418
230 456
230 512
230 562
230 621
230 777
230 849
230 864
230 910
230 970
231 119
231 154
231 322
231 437
231 535
231 698
231 699
231 837
231 848
231 903
232 12
232 81
232 122
232 277
232 777
232 868
233 314
233 367
233 391
233 399
233 479
233 542
233 656
233 671
233 880
233 888
233 921
234 93
234 105
234 171
234 259
234 302
234 315
234 379
234 573
234 838
235 75
235 582
235 889
236 127
236 135
236 183
236 529
236 553
236 913
236 945
237 92
237 115
237 140
237 150
237 159
237 198
237 202
237 244
237 246
237 399
237 461
237 467
237 555
237 723
237 844
237 954
237 970
238 127
238 193
238 201
238 218
238 281
238 356
238 399
238 490
238 529
238 621
238 817
238 829
239 36
239 125
239 201
239 322
239 330
239 531
239 538
240 108
240 201
240 218
240 369
240 553
240 602
240 639
240 681
240 781
240 870
240 900
240 931
240 941
241 68
241 119
241 270
241 393
241 469
241 570
241 578
241 619
241 635
241 648
241 783
241 864
241 901
242 140
242 333
242 368
242 497
242 510
242 532
242 538
242 554
242 749
242 826
242 977
243 153
243 182
243 451
243 576
243 591
243 709
243 723
243 941
244 18
244 202
244 216
244 237
244 261
244 290
244 369
244 507
244 535
244 618
244 683
244 929
245 74
245 370
245 535
245 868
246 23
246 72
246 102
246 130
246 154
246 158
246 179
246 230
246 237
246 264
246 270
246 314
246 349
246 368
246 370
246 440
246 568
246 577
246 619
246 635
246 638
246 676
246 685
246 791
246 793
246 856
246 891
246 893
246 899
246 920
246 945
246 954
246 978
247 63
247 71
247 229
247 302
247 529
247 663
247 763
247 847
247 867
248 63
248 71
248 160
248 174
248 314
248 396
248 418
248 656
248 760
248 927
249 71
249 104
249 295
249 416
249 450
249 496
249 810
250 23
250 68
250 124
250 259
250 263
250 333
250 452
250 577
250 651
250 652
250 933
251 172
251 463
251 477
251 621
251 781
251 897
252 114
252 218
252 230
252 280
252 293
252 307
252 425
252 497
252 609
252 621
252 652
252 678
252 738
252 766
252 906
252 956
252 961
252 975
253 8
253 71
253 214
253 218
253 256
253 286
253 333
253 359
253 426
253 447
253 498
253 588
253 608
253 664
253 677
253 751
253 770
253 813
253 819
253 848
253 864
253 902
253 933
253 980
254 417
254 458
254 541
254 595
255 266
255 355
255 426
255 511
255 535
255 621
255 634
255 763
255 781
255 889
255 895
256 55
256 58
256 253
256 280
256 372
256 537
256 596
256 611
256 698
257 4
257 118
257 137
257 208
257 260
257 430
257 506
257 564
257 630
257 668
257 707
257 736
257 828
257 959
258 109
258 120
258 155
258 199
258 228
258 360
258 470
258 826
258 958
258 964
259 45
259 234
259 250
259 602
259 616
259 698
260 57
260 65
260 108
260 151
260 176
260 223
260 257
260 261
260 276
260 377
260 499
260 502
260 530
260 576
260 751
260 757
260 763
260 812
260 823
260 827
260 978
261 100
261 192
261 244
261 260
261 324
261 513
261 535
261 770
261 780
262 218
262 570
262 698
262 708
262 770
263 198
263 217
263 250
263 320
263 366
263 508
263 541
263 562
263 618
263 656
263 688
263 975
264 46
264 77
264 246
264 281
264 306
264 315
264 517
264 651
264 672
264 826
264 889
264 969
265 66
265 93
265 356
265 443
265 452
265 865
265 978
266 68
266 124
266 255
266 291
266 333
266 392
266 419
266 467
266 629
266 769
266 882
266 951
267 83
267 310
267 334
267 369
267 416
267 527
267 542
267 798
267 815
267 873
267 943
267 962
268 113
268 188
268 209
268 676
268 686
268 938
269 57
269 58
269 106
269 488
269 527
269 705
269 964
270 241
270 246
270 349
270 619
270 673
270 793
270 888
271 153
271 313
271 455
271 478
271 684
271 777
271 879
271 906
271 972
272 138
272 150
272 152
272 528
272 558
272 602
272 923
272 933
273 73
273 77
273 113
273 125
273 130
273 447
274 107
274 374
274 475
274 480
274 596
274 666
274 709
274 892
275 49
275 228
275 376
275 407
275 417
275 544
275 565
275 570
275 596
275 638
275 641
275 686
275 768
275 772
275 797
275 829
275 890
276 260
276 281
276 411
276 818
276 827
276 828
276 832
276 847
276 875
276 902
276 938
277 61
277 97
277 111
277 112
277 124
277 175
277 192
277 232
277 359
277 367
277 408
277 433
277 455
277 472
277 494
277 503
277 588
277 612
277 619
277 702
277 796
277 814
277 828
277 835
277 883
277 954
277 964
277 977
278 53
278 76
278 118
278 123
278 134
278 153
278 160
278 202
278 304
278 327
278 333
278 350
278 367
278 385
278 399
278 400
278 467
278 482
278 489
278 499
278 523
278 565
278 574
278 601
278 638
278 726
278 732
278 754
278 759
278 806
278 827
278 828
278 849
278 880
278 902
278 933
278 954
278 964
278 966
278 972
278 980
279 66
279 112
279 117
279 203
279 556
279 651
279 654
280 148
280 150
280 252
280 256
280 424
280 470
280 650
281 238
281 264
281 276
281 282
281 286
281 298
281 379
281 748
281 759
281 980
282 14
282 72
282 83
282 141
282 154
282 160
282 181
282 281
282 306
282 313
282 333
282 350
282 378
282 545
282 561
282 566
282 585
282 599
282 606
282 651
282 679
282 708
282 763
282 792
282 807
282 817
282 822
282 901
282 951
282 957
282 969
283 0
283 347
283 351
283 743
283 826
284 59
284 71
284 129
284 490
284 759
284 849
285 65
285 153
285 155
285 198
285 356
285 431
285 449
285 487
285 490
285 699
285 901
285 907
285 955
286 181
286 253
286 281
286 377
286 680
286 698
286 718
286 876
286 895
287 86
287 100
287 156
287 290
287 326
287 360
287 542
287 558
287 565
287 607
287 642
287 749
287 751
287 776
287 782
287 817
287 845
288 125
288 369
288 553
288 648
288 801
289 92
289 146
289 148
289 223
289 300
289 609
289 684
289 754
289 780
289 829
289 848
289 870
290 60
290 154
290 244
290 287
290 304
290 494
290 496
290 498
290 593
290 657
290 721
290 815
290 954
291 230
291 266
291 367
291 370
291 568
291 651
291 793
292 44
292 300
292 316
292 436
292 464
292 524
292 683
292 744
293 252
293 565
293 669
293 701
293 735
293 826
293 882
294 132
294 217
294 302
294 625
294 635
294 651
294 924
295 54
295 151
295 168
295 249
295 947
295 970
296 132
296 155
296 172
296 452
296 516
296 586
296 681
296 857
296 961
297 35
297 213
297 221
297 401
297 461
297 576
297 587
297 611
297 923
298 65
298 130
298 226
298 281
298 358
298 362
298 514
298 582
298 695
298 744
298 781
298 843
298 859
298 942
298 964
298 981
299 48
299 302
299 534
299 565
299 640
299 659
299 799
299 852
299 949
299 970
299 979
300 289
300 292
300 316
300 319
300 441
300 613
300 698
300 778
300 787
300 877
300 911
301 171
301 304
301 315
301 390
301 398
301 729
301 760
301 903
302 11
302 31
302 49
302 107
302 148
302 162
302 164
302 202
302 217
302 218
302 234
302 247
302 294
302 299
302 314
302 333
302 371
302 375
302 446
302 485
302 518
302 606
302 620
302 623
302 635
302 643
302 649
302 708
302 761
302 784
302 815
302 826
302 875
302 878
302 879
302 902
302 904
302 954
302 957
302 964
302 977
303 102
303 116
303 333
303 371
303 885
303 902
304 39
304 85
304 93
304 172
304 191
304 213
304 218
304 278
304 290
304 301
304 401
304 436
304 443
304 458
304 502
304 572
304 576
304 626
304 707
304 732
304 791
304 907
304 924
304 930
304 947
305 95
305 150
305 518
305 715
305 787
305 911
305 949
306 83
306 264
306 282
306 508
306 512
306 877
306 878
306 902
306 968
307 85
307 116
307 201
307 223
307 252
307 440
307 470
307 512
307 527
307 702
307 838
307 855
308 35
308 83
308 217
308 226
308 378
308 409
308 531
308 781
308 826
308 967
309 123
309 486
309 561
309 581
309 684
309 841
309 912
309 981
310 30
310 71
310 92
310 267
310 350
310 403
310 463
310 488
310 517
310 553
310 637
310 643
310 670
310 698
310 826
311 54
311 198
311 226
311 372
311 681
311 698
311 732
311 737
311 744
312 18
312 176
312 409
312 465
312 468
312 514
312 759
312 763
312 966
313 271
313 282
313 436
313 542
313 628
313 652
313 736
313 889
314 43
314 68
314 77
314 144
314 178
314 233
314 246
314 248
314 302
314 328
314 370
314 373
314 410
314 424
314 441
314 442
314 446
314 454
314 456
314 500
314 535
314 553
314 555
314 585
314 609
314 646
314 647
314 665
314 672
314 686
314 698
314 728
314 775
314 788
314 826
314 869
314 878
314 879
314 888
314 901
314 929
314 954
315 60
315 83
315 90
315 137
315 141
315 153
315 220
315 229
315 234
315 264
315 301
315 342
315 385
315 396
315 413
315 416
315 418
315 449
315 470
315 507
315 552
315 553
315 573
315 606
315 618
315 621
315 636
315 643
315 651
315 662
315 683
315 684
315 697
315 698
315 734
315 741
315 758
315 763
315 791
315 799
315 841
315 879
315 883
315 904
315 922
315 925
315 931
315 934
315 939
315 964
315 979
316 32
316 133
316 196
316 223
316 292
316 300
316 330
316 424
316 557
316 636
316 686
316 725
316 736
316 771
316 829
316 849
317 134
317 335
317 370
317 511
317 522
317 647
317 742
318 89
318 335
318 437
318 508
318 763
318 771
318 955
319 300
319 360
319 392
319 440
319 476
319 524
319 590
319 785
319 809
319 871
319 892
319 947
320 83
320 99
320 157
320 207
320 263
320 386
320 387
320 512
320 567
320 635
320 652
320 704
320 761
320 782
320 962
321 380
321 461
321 555
321 564
321 597
321 599
321 606
321 837
321 884
321 885
321 911
321 964
322 17
322 95
322 150
322 153
322 231
322 239
322 338
322 416
322 527
322 609
322 646
322 675
322 698
322 712
322 876
322 892
322 939
323 106
323 450
323 451
323 531
323 609
323 635
323 698
323 962
324 118
324 261
324 422
324 468
324 472
324 553
324 630
324 633
324 670
325 75
325 198
325 498
325 521
325 641
325 781
325 811
325 860
325 972
326 287
326 558
326 817
326 889
327 21
327 278
327 380
327 479
327 482
327 495
327 500
327 565
327 655
327 838
327 841
327 852
327 908
328 88
328 314
328 472
328 529
328 558
328 606
328 619
328 651
328 707
328 714
328 895
328 913
328 947
329 110
329 125
329 133
329 562
329 970
330 239
330 316
330 333
330 379
330 954
330 972
331 609
331 745
331 754
331 798
331 890
331 911
331 950
331 977
332 202
332 346
332 369
332 457
332 469
332 560
332 751
332 823
332 882
333 55
333 68
333 83
333 88
333 153
333 172
333 198
333 201
333 228
333 242
333 250
333 253
333 266
333 278
333 282
333 302
333 303
333 330
333 363
333 397
333 399
333 409
333 413
333 415
333 431
333 499
333 503
333 508
333 577
333 585
333 597
333 604
333 624
333 628
333 657
333 677
333 698
333 750
333 774
333 781
333 795
333 801
333 804
333 820
333 826
333 827
333 828
333 849
333 865
333 901
333 911
334 60
334 64
334 267
334 341
334 366
334 370
334 440
334 443
334 568
334 665
334 714
334 724
334 759
334 778
334 811
334 829
334 864
334 881
334 904
334 943
335 8
335 113
335 317
335 318
335 581
335 724
335 781
335 848
335 857
336 120
336 153
336 414
336 471
336 524
336 904
336 930
337 3
337 72
337 354
337 372
337 382
337 543
337 943
338 322
338 424
338 582
338 828
338 864
339 15
339 172
339 461
339 574
339 591
339 821
339 899
339 970
340 119
340 217
340 410
340 564
340 606
340 960
341 75
341 83
341 153
341 168
341 334
341 369
341 387
341 597
341 660
341 945
342 315
342 465
342 466
342 470
342 517
342 518
342 555
342 628
342 653
342 815
342 826
342 828
342 833
342 872
342 909
342 936
342 960
343 548
343 570
343 680
343 763
343 834
343 862
343 943
344 138
344 198
344 349
344 356
344 495
344 528
344 596
344 879
345 72
345 460
345 923
345 954
346 55
346 59
346 174
346 180
346 332
346 355
346 547
346 551
346 676
346 698
346 750
346 754
346 777
346 814
346 911
347 88
347 107
347 158
347 205
347 283
347 443
347 471
347 478
347 576
347 641
347 680
347 697
347 703
347 861
347 868
348 89
348 517
348 575
348 613
348 838
349 73
349 84
349 117
349 225
349 246
349 270
349 344
349 418
349 502
349 514
349 570
349 593
349 594
349 643
349 750
349 790
349 852
349 902
349 977
349 979
350 278
350 282
350 310
350 455
350 532
350 554
350 588
350 597
350 607
350 610
350 611
350 724
350 840
350 883
351 153
351 168
351 201
351 283
351 375
351 769
351 846
351 888
352 141
352 418
352 653
352 707
352 709
352 764
352 766
353 103
353 479
353 578
353 582
353 750
353 864
353 886
353 894
354 225
354 337
354 439
354 580
354 611
354 693
354 765
354 846
354 969
354 971
355 71
355 139
355 183
355 255
355 346
355 374
355 402
355 532
355 546
355 559
355 561
355 568
355 570
355 614
355 677
355 684
355 763
355 781
355 815
355 834
355 921
355 950
355 955
355 961
355 964
356 175
356 181
356 218
356 238
356 265
356 285
356 344
356 405
356 427
356 435
356 476
356 543
356 681
356 821
356 860
357 224
357 379
357 576
357 615
357 629
357 686
357 697
357 709
357 783
357 810
357 821
357 928
358 198
358 298
358 365
358 395
358 488
358 579
358 598
358 687
358 840
359 128
359 229
359 253
359 277
359 455
359 573
359 618
359 652
359 692
359 744
359 860
360 75
360 207
360 258
360 287
360 319
360 476
360 763
360 844
360 972
361 377
361 397
361 686
361 698
361 735
361 861
362 56
362 111
362 172
362 298
362 451
362 482
362 498
362 508
362 820
362 891
363 33
363 173
363 217
363 333
363 429
363 501
363 542
363 660
363 701
363 760
363 896
364 42
364 86
364 554
364 581
364 849
364 901
365 115
365 118
365 147
365 214
365 358
365 508
365 548
365 553
365 774
365 795
365 809
365 887
365 973
366 1
366 166
366 201
366 263
366 334
366 373
366 499
366 529
366 530
366 585
366 598
366 777
366 798
366 824
366 889
366 892
366 956
367 1
367 41
367 49
367 71
367 105
367 223
367 233
367 277
367 278
367 291
367 383
367 431
367 535
367 688
367 697
367 733
367 743
367 763
367 873
367 881
368 63
368 68
368 73
368 108
368 144
368 183
368 242
368 246
368 418
368 643
368 724
368 757
368 769
368 804
368 827
368 915
369 56
369 67
369 127
369 163
369 214
369 240
369 244
369 267
369 288
369 332
369 341
369 388
369 399
369 554
369 606
369 621
369 646
369 652
369 704
369 726
369 750
369 768
369 812
369 833
369 841
370 10
370 55
370 61
370 64
370 154
370 218
370 245
370 246
370 291
370 314
370 317
370 334
370 372
370 400
370 404
370 441
370 529
370 609
370 620
370 643
370 659
370 677
370 710
370 750
370 774
370 862
370 892
371 77
371 79
371 122
371 153
371 302
371 303
371 377
371 422
371 461
371 580
371 668
371 700
371 740
371 864
371 902
371 931
371 944
371 950
371 963
372 256
372 311
372 337
372 370
372 399
372 415
372 437
372 512
372 553
372 557
372 565
372 575
372 611
372 619
372 625
372 672
372 706
372 734
372 777
372 818
372 829
372 866
372 888
372 895
372 902
372 903
372 924
373 0
373 198
373 314
373 366
373 652
373 742
373 862
373 954
374 88
374 274
374 355
374 508
374 795
375 27
375 94
375 128
375 202
375 302
375 351
375 390
375 408
375 417
375 462
375 688
375 692
375 856
376 275
376 542
376 618
376 697
376 749
376 782
376 868
376 900
376 978
377 157
377 260
377 286
377 361
377 371
377 511
377 684
377 855
377 873
378 85
378 88
378 98
378 144
378 208
378 220
378 282
378 308
378 473
378 517
378 643
378 740
379 22
379 37
379 71
379 97
379 129
379 193
379 202
379 234
379 281
379 330
379 357
379 482
379 511
379 514
379 587
379 613
379 668
379 696
379 698
379 724
379 885
379 901
379 954
379 955
379 972
380 183
380 188
380 230
380 321
380 327
380 398
380 468
380 485
380 637
380 826
380 897
380 954
381 57
381 153
381 170
381 686
381 687
381 837
381 904
381 911
382 79
382 162
382 337
382 462
382 643
382 707
382 886
382 913
383 211
383 367
383 564
383 648
383 652
383 682
383 746
383 817
383 865
384 41
384 71
384 98
384 399
384 442
384 452
384 819
385 187
385 278
385 315
385 395
385 621
385 668
385 686
385 899
385 913
386 218
386 320
386 450
386 483
386 608
386 634
386 952
387 69
387 120
387 163
387 175
387 320
387 341
387 439
387 520
387 777
388 369
388 472
388 514
388 634
388 645
388 902
388 907
389 210
389 218
389 500
389 510
389 542
389 796
389 964
390 94
390 133
390 153
390 197
390 219
390 230
390 301
390 375
390 427
390 457
390 485
390 512
390 554
390 570
390 573
390 599
390 626
390 707
390 721
390 725
390 768
390 813
390 816
390 826
390 864
390 885
390 888
390 910
390 916
390 972
391 52
391 55
391 94
391 233
391 491
391 574
391 595
391 820
392 142
392 218
392 266
392 319
392 492
392 523
392 593
392 595
392 611
392 873
393 241
393 507
393 697
393 718
393 745
393 758
393 837
394 182
394 511
394 650
394 766
394 865
394 876
395 83
395 142
395 192
395 358
395 385
395 525
395 979
396 46
396 153
396 248
396 315
396 400
396 690
396 932
397 144
397 183
397 333
397 361
397 655
397 679
397 681
397 732
397 869
397 900
397 902
398 136
398 183
398 301
398 380
398 468
398 529
398 549
398 568
398 598
398 619
398 638
398 910
398 966
399 67
399 77
399 127
399 129
399 137
399 153
399 199
399 233
399 237
399 238
399 278
399 333
399 369
399 372
399 384
399 420
399 461
399 479
399 496
399 535
399 551
399 612
399 614
399 630
399 632
399 653
399 669
399 672
399 707
399 769
399 783
399 788
399 801
399 806
399 843
399 886
399 957
399 959
399 963
399 972
400 66
400 106
400 121
400 135
400 165
400 217
400 278
400 370
400 396
400 421
400 529
400 609
400 672
400 808
400 864
400 911
401 297
401 304
401 597
401 696
401 743
401 954
402 355
402 450
402 528
402 565
402 569
402 609
402 619
402 698
402 770
402 829
402 877
402 933
403 59
403 202
403 210
403 310
403 616
403 621
403 676
403 892
404 102
404 370
404 512
404 609
404 666
404 776
404 889
405 112
405 117
405 135
405 173
405 215
405 356
405 411
405 433
405 470
405 637
405 698
405 728
405 798
405 814
405 830
405 864
405 892
405 962
406 218
406 499
406 535
406 683
406 791
406 879
406 902
407 275
407 475
408 277
408 375
408 425
408 435
408 519
408 589
408 602
408 915
409 308
409 312
409 333
409 455
409 576
409 633
409 934
410 314
410 340
410 573
410 609
410 773
410 783
410 917
410 923
410 950
410 964
411 276
411 405
411 429
411 577
411 870
411 964
412 51
412 77
412 611
412 621
412 822
412 891
413 193
413 315
413 333
413 602
413 615
413 686
413 921
414 38
414 336
414 443
414 706
414 763
414 777
414 821
414 964
415 55
415 333
415 372
415 475
415 550
415 697
415 829
416 249
416 267
416 315
416 322
416 426
416 921
416 954
417 98
417 254
417 275
417 375
417 462
417 496
417 523
417 542
417 733
417 781
417 923
418 36
418 115
418 141
418 144
418 195
418 205
418 230
418 248
418 315
418 349
418 352
418 368
418 537
418 643
418 649
418 652
418 665
418 685
418 735
418 740
418 745
418 757
418 763
418 831
418 833
418 837
418 869
418 895
419 65
419 78
419 203
419 266
419 530
419 561
419 635
419 864
419 905
420 75
420 83
420 124
420 399
420 553
420 606
420 686
420 923
420 925
421 91
421 400
421 496
421 848
422 101
422 104
422 123
422 181
422 324
422 371
422 452
422 652
422 816
422 839
422 852
422 962
423 154
423 947
424 64
424 68
424 77
424 84
424 135
424 206
424 280
424 314
424 316
424 338
424 426
424 453
424 529
424 548
424 647
424 684
424 713
424 739
424 751
424 781
424 836
424 972
425 252
425 408
425 546
425 578
425 739
426 124
426 253
426 255
426 416
426 424
426 429
426 610
426 672
426 698
426 798
426 949
426 954
427 53
427 356
427 390
427 528
427 732
428 111
428 121
428 143
428 448
428 469
428 747
429 100
429 363
429 411
429 426
429 530
429 626
430 132
430 257
430 653
430 686
430 744
430 809
431 61
431 285
431 333
431 367
431 481
431 565
431 583
431 691
431 698
431 828
431 837
432 464
432 510
432 672
432 704
432 776
432 869
432 890
432 918
432 928
432 961
432 966
433 277
433 405
433 435
433 533
433 570
433 721
433 816
433 972
434 439
434 529
434 576
434 766
434 780
434 806
434 875
435 50
435 92
435 129
435 151
435 197
435 217
435 356
435 408
435 433
435 523
435 622
435 708
435 807
435 920
435 934
435 939
435 940
435 959
436 145
436 178
436 292
436 304
436 313
436 542
436 678
436 724
436 873
437 46
437 70
437 140
437 218
437 231
437 318
437 372
437 733
437 742
437 765
437 883
438 0
438 73
438 91
438 166
438 498
438 545
438 602
438 686
438 910
438 929
439 354
439 387
439 434
439 503
439 678
439 788
439 934
440 23
440 246
440 307
440 319
440 334
440 588
440 635
440 672
440 849
441 75
441 189
441 300
441 314
441 370
441 446
441 482
441 619
441 798
441 885
442 115
442 314
442 384
442 729
443 5
443 34
443 75
443 171
443 265
443 304
443 334
443 347
443 414
443 462
443 529
443 575
443 690
443 729
443 864
443 948
443 954
444 77
444 100
444 101
444 120
444 178
444 643
444 660
445 62
445 85
445 555
445 559
445 564
445 683
446 132
446 302
446 314
446 441
446 508
446 532
446 657
446 678
446 745
446 769
446 775
446 889
446 917
447 98
447 141
447 222
447 253
447 273
447 502
447 913
447 978
448 218
448 428
448 482
448 542
448 598
448 603
448 781
448 828
448 968
449 77
449 201
449 285
449 315
449 476
449 600
449 698
450 83
450 249
450 323
450 386
450 402
450 457
450 468
450 600
450 648
451 243
451 323
451 362
451 498
451 629
451 809
452 250
452 265
452 296
452 384
452 422
452 453
452 518
452 553
452 628
452 672
452 697
452 710
452 793
452 806
452 820
452 829
452 879
452 940
452 964
453 65
453 136
453 424
453 452
453 669
454 113
454 314
454 527
454 662
454 768
454 829
455 12
455 91
455 94
455 177
455 192
455 208
455 221
455 271
455 277
455 350
455 359
455 409
455 464
455 503
455 531
455 545
455 568
455 631
455 643
455 644
455 738
455 818
455 852
455 886
455 893
455 899
455 920
455 981
456 87
456 92
456 230
456 314
456 487
456 565
456 638
456 644
456 691
456 883
456 942
457 144
457 198
457 219
457 223
457 332
457 390
457 450
457 728
458 64
458 254
458 304
458 677
458 684
458 741
458 922
459 106
459 207
459 562
459 638
459 954
459 980
460 7
460 183
460 218
460 226
460 345
460 654
460 803
461 91
461 115
461 129
461 137
461 212
461 237
461 297
461 321
461 339
461 371
461 399
461 463
461 578
461 605
461 777
461 828
461 836
461 900
462 375
462 382
462 417
462 443
462 596
462 718
462 743
462 825
463 77
463 251
463 310
463 461
463 558
463 723
463 781
463 850
463 959
464 91
464 210
464 292
464 432
464 455
464 514
464 593
464 603
464 686
464 702
464 818
464 897
465 112
465 198
465 312
465 342
465 518
465 672
465 708
465 794
465 870
466 218
466 342
466 500
466 911
467 94
467 147
467 194
467 237
467 266
467 278
467 497
467 511
467 593
467 707
467 755
467 781
467 811
467 817
467 846
467 882
467 950
467 970
468 64
468 99
468 111
468 133
468 135
468 144
468 202
468 206
468 312
468 324
468 380
468 398
468 450
468 512
468 529
468 606
468 649
468 672
468 680
468 698
468 725
468 751
468 790
468 815
468 869
468 916
468 949
469 241
469 332
469 428
469 523
469 548
469 565
469 569
469 691
469 744
469 818
469 826
469 911
469 933
469 977
470 58
470 71
470 91
470 107
470 258
470 280
470 307
470 315
470 342
470 405
470 508
470 529
470 555
470 568
470 619
470 660
470 691
470 694
470 721
470 769
470 771
470 774
470 802
470 853
470 854
470 867
470 870
470 926
470 962
471 336
471 347
471 618
471 911
471 970
472 59
472 170
472 277
472 324
472 328
472 388
472 558
472 901
473 90
473 201
473 378
473 573
473 686
473 691
473 730
473 907
474 56
474 217
474 628
474 641
474 800
474 884
475 87
475 102
475 274
475 407
475 415
475 707
475 717
475 820
475 958
476 83
476 139
476 319
476 356
476 360
476 449
476 498
476 527
476 531
476 634
476 770
476 782
476 849
476 879
476 947
476 957
476 971
477 93
477 100
477 251
477 536
477 609
477 614
477 715
477 798
477 834
477 899
477 979
478 91
478 271
478 347
478 581
478 731
478 771
478 817
478 889
479 132
479 187
479 233
479 327
479 353
479 399
479 508
479 553
479 696
479 802
479 826
479 907
479 964
480 98
480 274
480 609
480 652
480 698
480 763
480 961
481 431
481 831
481 909
482 74
482 93
482 109
482 125
482 175
482 189
482 278
482 327
482 362
482 379
482 441
482 448
482 486
482 514
482 529
482 535
482 544
482 568
482 666
482 698
482 800
482 803
482 967
482 972
483 214
483 228
483 386
483 557
483 570
483 602
483 697
483 846
483 915
484 642
485 50
485 302
485 380
485 390
485 526
485 540
485 621
485 802
485 901
485 933
486 223
486 309
486 482
486 643
486 677
486 749
487 119
487 181
487 285
487 456
487 498
488 269
488 310
488 358
488 491
488 669
488 902
488 935
488 952
489 130
489 141
489 278
489 707
489 840
490 238
490 284
490 285
490 672
490 766
490 817
490 831
490 888
490 944
491 98
491 142
491 162
491 391
491 488
491 583
491 637
491 641
492 59
492 181
492 392
492 514
492 531
492 582
492 632
492 646
492 650
492 663
492 756
492 895
492 974
493 122
493 198
493 512
493 687
493 727
493 898
494 78
494 103
494 277
494 290
494 511
494 651
494 781
494 867
494 960
495 327
495 344
495 682
495 895
495 930
495 959
496 249
496 290
496 399
496 417
496 421
496 561
496 669
496 737
496 969
497 47
497 71
497 242
497 252
497 467
497 621
497 665
497 673
497 687
497 923
498 46
498 80
498 83
498 138
498 148
498 201
498 217
498 219
498 253
498 290
498 325
498 362
498 438
498 451
498 476
498 487
498 554
498 622
498 626
498 721
498 724
498 783
498 809
498 846
498 864
498 931
498 933
498 954
498 964
499 69
499 93
499 260
499 278
499 333
499 366
499 406
499 612
499 686
499 689
499 741
499 797
499 862
499 885
499 919
499 957
500 106
500 314
500 327
500 389
500 466
500 603
500 631
500 889
501 68
501 123
501 149
501 153
501 363
501 542
501 553
501 664
502 77
502 113
502 129
502 260
502 304
502 349
502 447
502 523
502 537
502 552
502 625
502 643
502 809
502 829
503 65
503 145
503 200
503 202
503 277
503 333
503 439
503 455
503 616
503 669
503 749
503 764
503 812
503 954
503 972
504 51
504 83
504 218
504 546
504 627
504 661
504 973
505 153
505 182
505 562
505 607
505 647
505 820
505 867
506 129
506 149
506 168
506 257
506 561
506 745
506 840
506 873
507 172
507 218
507 244
507 315
507 393
507 508
507 611
507 960
508 37
508 73
508 92
508 115
508 263
508 306
508 318
508 333
508 362
508 365
508 374
508 446
508 470
508 479
508 507
508 524
508 564
508 571
508 576
508 595
508 597
508 656
508 736
508 783
508 784
508 829
508 856
508 892
508 893
508 901
508 904
508 909
508 916
508 931
508 950
508 968
508 977
509 71
509 548
509 609
509 663
509 776
509 875
509 937
510 242
510 389
510 432
510 619
510 631
510 848
511 68
511 83
511 97
511 187
511 255
511 317
511 377
511 379
511 394
511 467
511 494
511 641
511 769
511 798
511 799
511 829
511 887
511 888
511 972
512 10
512 55
512 71
512 83
512 110
512 133
512 144
512 150
512 230
512 306
512 307
512 320
512 372
512 390
512 404
512 468
512 493
512 533
512 599
512 646
512 701
512 715
512 769
512 783
512 797
512 814
512 818
512 882
512 903
512 940
512 977
513 137
513 261
513 557
513 809
513 834
513 845
513 905
514 31
514 98
514 218
514 298
514 312
514 349
514 379
514 388
514 464
514 482
514 492
514 566
514 581
514 667
514 699
514 877
515 62
515 218
515 523
515 648
515 813
515 947
515 970
516 221
516 296
516 611
516 621
516 851
517 58
517 198
517 227
517 264
517 310
517 342
517 348
517 378
517 609
517 639
517 889
517 964
518 1
518 111
518 218
518 302
518 305
518 342
518 452
518 465
518 544
518 610
518 710
518 803
518 840
518 979
519 71
519 408
519 523
519 570
519 911
519 922
520 54
520 387
520 531
520 605
520 698
520 779
520 780
520 826
520 889
520 897
521 161
521 325
521 609
521 619
521 838
522 64
522 83
522 218
522 317
522 530
522 569
522 608
522 619
522 884
523 103
523 155
523 198
523 201
523 202
523 208
523 224
523 278
523 392
523 417
523 435
523 469
523 502
523 515
523 519
523 624
523 640
523 644
523 649
523 702
523 713
523 743
523 755
523 775
523 854
523 897
523 922
523 965
524 64
524 148
524 292
524 319
524 336
524 508
524 817
525 395
525 538
525 626
525 655
525 809
525 861
525 970
525 972
526 201
526 485
526 553
526 671
527 267
527 269
527 307
527 322
527 454
527 476
527 553
527 593
527 611
527 773
527 877
527 968
528 198
528 272
528 344
528 402
528 427
528 593
528 655
528 684
528 689
528 735
528 869
529 12
529 24
529 28
529 54
529 71
529 80
529 107
529 124
529 125
529 132
529 154
529 162
529 172
529 198
529 215
529 218
529 236
529 238
529 247
529 328
529 366
529 370
529 398
529 400
529 424
529 434
529 443
529 468
529 470
529 482
529 547
529 550
529 565
529 570
529 576
529 596
529 600
529 612
529 621
529 628
529 669
529 686
529 728
529 743
529 751
529 769
529 787
529 795
529 809
529 832
529 879
529 883
529 895
529 902
529 911
529 933
529 945
530 11
530 65
530 80
530 98
530 148
530 187
530 260
530 366
530 419
530 429
530 522
530 627
530 651
530 686
530 730
530 793
530 829
530 848
530 918
530 960
530 966
531 65
531 123
531 201
531 218
531 228
531 239
531 308
531 323
531 455
531 476
531 492
531 520
531 558
531 582
531 609
531 619
531 654
531 684
531 733
531 763
531 829
531 834
531 910
531 942
532 193
532 198
532 242
532 350
532 355
532 446
532 540
532 584
532 818
532 864
533 150
533 166
533 182
533 201
533 433
533 512
533 556
533 561
533 570
533 584
533 595
533 641
533 672
533 699
533 738
533 766
533 826
533 912
534 60
534 299
534 543
534 580
534 598
534 646
534 797
535 23
535 56
535 57
535 68
535 100
535 135
535 187
535 223
535 231
535 244
535 245
535 255
535 261
535 314
535 367
535 399
535 406
535 482
535 542
535 707
535 805
535 848
536 477
536 553
536 570
536 868
537 256
537 418
537 502
537 752
537 954
538 16
538 54
538 239
538 242
538 525
538 576
538 621
538 829
538 904
538 944
539 153
539 190
539 561
539 622
539 684
539 696
539 749
539 763
539 777
539 788
539 806
539 852
540 50
540 51
540 75
540 485
540 532
540 582
540 855
540 886
540 972
541 80
541 104
541 254
541 263
541 814
541 980
542 79
542 82
542 98
542 114
542 119
542 198
542 210
542 233
542 267
542 287
542 313
542 363
542 376
542 389
542 417
542 436
542 448
542 501
542 535
542 550
542 570
542 588
542 619
542 643
542 650
542 667
542 675
542 697
542 715
542 749
542 768
542 782
542 840
542 919
542 936
542 937
542 959
542 971
543 75
543 337
543 356
543 534
543 619
543 714
543 786
543 826
544 42
544 45
544 130
544 151
544 218
544 275
544 482
544 518
544 587
544 609
544 864
544 892
544 927
544 965
545 46
545 68
545 103
545 121
545 282
545 438
545 455
545 561
545 565
545 610
545 640
545 697
545 756
545 771
545 922
545 929
545 978
546 83
546 149
546 229
546 355
546 425
546 504
546 633
546 721
546 838
547 346
547 529
547 693
547 975
548 343
548 365
548 424
548 469
548 509
548 638
548 686
548 847
548 849
549 398
549 627
549 880
549 961
550 198
550 415
550 529
550 542
550 647
550 655
550 687
550 711
550 783
550 815
550 902
550 913
551 58
551 97
551 132
551 198
551 201
551 346
551 399
551 645
551 729
551 745
551 897
551 944
552 198
552 315
552 502
552 868
553 33
553 94
553 100
553 119
553 124
553 139
553 146
553 163
553 166
553 183
553 190
553 198
553 236
553 240
553 288
553 310
553 314
553 315
553 324
553 365
553 372
553 420
553 452
553 479
553 501
553 526
553 527
553 536
553 570
553 575
553 590
553 593
553 596
553 635
553 669
553 686
553 691
553 705
553 707
553 724
553 726
553 769
553 829
553 841
553 862
553 865
553 896
553 897
553 902
553 933
553 943
553 950
553 979
554 106
554 242
554 350
554 364
554 369
554 390
554 498
554 685
555 20
555 68
555 71
555 77
555 174
555 237
555 314
555 321
555 342
555 445
555 470
555 621
555 783
555 891
555 920
555 937
555 981
556 279
556 533
556 558
556 867
556 961
557 52
557 198
557 316
557 372
557 483
557 513
557 652
557 730
557 817
557 828
558 122
558 127
558 272
558 287
558 326
558 328
558 463
558 472
558 531
558 556
558 584
558 597
558 751
558 763
558 771
558 789
558 795
558 810
558 814
558 818
558 832
558 840
558 846
558 899
558 957
559 162
559 201
559 229
559 355
559 445
559 639
559 824
559 828
559 969
560 103
560 332
560 796
560 896
560 950
560 954
561 109
561 201
561 205
561 282
561 309
561 355
561 419
561 496
561 506
561 533
561 539
561 545
561 570
561 595
561 749
561 798
561 874
561 885
561 889
561 960
561 975
562 31
562 34
562 58
562 172
562 230
562 263
562 329
562 459
562 505
562 638
562 655
562 684
562 793
563 65
563 170
563 201
563 669
563 804
564 26
564 257
564 321
564 340
564 383
564 445
564 508
564 565
564 595
564 599
564 673
564 708
564 769
564 809
564 972
565 95
565 100
565 144
565 171
565 183
565 275
565 278
565 287
565 293
565 299
565 327
565 372
565 402
565 431
565 456
565 469
565 529
565 545
565 564
565 568
565 576
565 643
565 699
565 739
565 835
565 871
565 875
565 878
565 887
565 929
565 965
565 979
566 71
566 83
566 147
566 212
566 282
566 514
566 750
566 829
566 958
567 198
567 320
567 808
567 809
567 836
567 858
567 897
567 977
568 121
568 130
568 138
568 246
568 291
568 334
568 355
568 398
568 455
568 470
568 482
568 565
568 652
568 780
568 785
568 833
569 75
569 402
569 469
569 522
569 698
569 763
569 793
569 933
569 939
569 967
570 52
570 85
570 98
570 104
570 108
570 129
570 138
570 226
570 241
570 262
570 275
570 343
570 349
570 355
570 390
570 433
570 483
570 519
570 529
570 533
570 536
570 542
570 553
570 561
570 592
570 614
570 630
570 659
570 677
570 704
570 705
570 719
570 787
570 848
570 850
570 851
570 852
570 894
570 930
570 958
570 979
571 119
571 508
571 625
571 893
571 975
572 183
572 218
572 304
572 606
572 796
572 897
573 16
573 85
573 234
573 315
573 359
573 390
573 410
573 473
573 851
574 36
574 104
574 278
574 339
574 391
574 654
574 731
574 808
574 809
575 133
575 197
575 348
575 372
575 443
575 553
575 593
575 785
575 797
575 864
575 868
576 48
576 51
576 106
576 129
576 143
576 178
576 243
576 260
576 297
576 304
576 347
576 357
576 409
576 434
576 508
576 529
576 538
576 565
576 599
576 609
576 684
576 754
576 759
576 763
576 800
576 867
576 916
577 177
577 212
577 218
577 246
577 250
577 333
577 411
577 616
577 659
577 660
577 707
577 749
577 753
577 763
577 809
577 828
577 884
578 31
578 58
578 165
578 241
578 353
578 425
578 461
578 628
578 643
578 931
579 358
579 621
579 833
579 870
580 158
580 189
580 354
580 371
580 534
580 679
581 68
581 224
581 309
581 335
581 364
581 478
581 514
581 628
582 60
582 74
582 96
582 178
582 186
582 235
582 298
582 338
582 353
582 492
582 531
582 540
582 697
582 743
582 779
582 809
582 815
582 853
582 875
582 892
582 911
582 915
582 933
582 935
582 972
583 431
583 491
583 859
583 943
583 973
584 198
584 213
584 532
584 533
584 558
584 827
584 840
584 897
584 912
584 922
584 953
585 185
585 223
585 282
585 314
585 333
585 366
585 724
585 892
586 296
586 594
586 875
586 883
587 297
587 379
587 544
587 659
587 738
587 768
587 828
588 58
588 81
588 113
588 114
588 138
588 253
588 277
588 350
588 440
588 542
588 737
588 748
588 755
588 800
588 819
588 917
588 949
588 955
588 970
589 73
589 408
589 658
589 675
589 766
590 70
590 153
590 319
590 553
591 75
591 95
591 243
591 339
591 864
591 881
592 570
593 43
593 60
593 93
593 116
593 290
593 349
593 392
593 464
593 467
593 527
593 528
593 553
593 575
593 669
593 686
593 721
593 724
593 737
593 781
593 809
593 864
593 913
593 938
593 946
593 948
593 960
593 966
593 969
594 33
594 198
594 349
594 586
594 595
594 742
594 941
594 970
595 152
595 219
595 254
595 391
595 392
595 508
595 533
595 561
595 564
595 594
595 660
595 692
595 751
595 868
596 5
596 77
596 141
596 256
596 274
596 275
596 344
596 462
596 529
596 553
596 609
596 641
596 698
596 892
596 972
597 78
597 321
597 333
597 341
597 350
597 401
597 508
597 558
597 680
597 764
597 819
597 888
598 7
598 56
598 83
598 98
598 358
598 366
598 398
598 448
598 534
598 635
598 738
598 753
598 786
598 798
598 809
599 124
599 153
599 224
599 282
599 321
599 390
599 512
599 564
599 576
599 665
600 60
600 449
600 450
600 529
600 621
600 682
600 717
600 758
600 846
600 876
600 892
601 195
601 210
601 278
601 660
601 829
601 876
601 879
602 154
602 240
602 259
602 272
602 408
602 413
602 438
602 483
602 606
602 779
602 787
602 803
602 813
603 155
603 217
603 218
603 448
603 464
603 500
603 703
603 747
603 902
604 52
604 76
604 170
604 333
604 727
604 823
604 828
604 928
604 930
604 964
605 71
605 97
605 189
605 211
605 461
605 520
605 769
605 806
605 863
605 979
606 42
606 68
606 77
606 97
606 142
606 190
606 202
606 282
606 302
606 315
606 321
606 328
606 340
606 369
606 420
606 468
606 572
606 602
606 641
606 643
606 652
606 671
606 803
606 864
606 964
607 98
607 148
607 150
607 287
607 350
607 505
607 798
608 156
608 181
608 253
608 386
608 522
608 609
608 712
608 802
608 834
608 902
608 907
609 31
609 67
609 104
609 185
609 208
609 218
609 252
609 289
609 314
609 322
609 323
609 331
609 370
609 400
609 402
609 404
609 410
609 477
609 480
609 509
609 517
609 521
609 531
609 544
609 576
609 596
609 608
609 666
609 684
609 738
609 744
609 758
609 777
609 802
609 804
609 815
609 867
609 896
609 900
610 64
610 115
610 139
610 350
610 426
610 518
610 545
610 630
610 641
610 744
610 805
610 874
610 879
610 935
611 75
611 189
611 198
611 256
611 297
611 350
611 354
611 372
611 392
611 412
611 507
611 516
611 527
611 667
611 721
611 737
611 831
611 916
612 93
612 112
612 117
612 277
612 399
612 499
612 529
612 742
612 818
612 901
613 300
613 348
613 379
613 750
613 939
613 950
614 139
614 355
614 399
614 477
614 570
615 357
615 413
615 809
615 889
616 176
616 259
616 403
616 503
616 577
616 737
616 751
616 797
616 906
616 907
616 951
617 94
617 669
618 202
618 244
618 263
618 315
618 359
618 376
618 471
618 669
618 935
619 5
619 53
619 77
619 93
619 140
619 169
619 172
619 241
619 246
619 270
619 277
619 328
619 372
619 398
619 402
619 441
619 470
619 510
619 521
619 522
619 531
619 542
619 543
619 634
619 675
619 695
619 696
619 698
619 720
619 729
619 756
619 789
619 863
619 920
619 921
620 46
620 153
620 302
620 370
620 646
620 652
620 832
620 871
620 968
620 978
621 37
621 46
621 51
621 85
621 100
621 129
621 153
621 171
621 178
621 189
621 217
621 230
621 238
621 251
621 252
621 255
621 315
621 369
621 385
621 403
621 412
621 485
621 497
621 516
621 529
621 538
621 555
621 579
621 600
621 643
621 646
621 649
621 671
621 679
621 701
621 727
621 826
621 838
621 895
621 904
621 914
621 916
621 946
622 17
622 119
622 435
622 498
622 539
622 781
622 820
622 844
623 64
623 302
623 658
623 814
623 928
623 945
624 183
624 333
624 523
624 656
624 789
624 874
624 883
624 911
624 918
624 960
624 976
625 52
625 75
625 105
625 163
625 294
625 372
625 502
625 571
625 769
625 826
625 890
626 165
626 304
626 390
626 429
626 498
626 525
626 641
626 648
626 739
626 933
626 964
626 978
627 504
627 530
627 549
627 735
628 127
628 216
628 313
628 333
628 342
628 452
628 474
628 529
628 578
628 581
628 716
628 820
628 843
628 844
628 895
628 970
629 92
629 266
629 357
629 451
629 648
629 849
629 950
630 94
630 117
630 257
630 324
630 399
630 570
630 610
631 150
631 153
631 207
631 455
631 500
631 510
631 672
631 713
631 895
631 979
632 3
632 65
632 208
632 399
632 492
632 668
632 684
632 707
632 853
632 865
633 61
633 75
633 79
633 324
633 409
633 546
633 796
633 815
633 899
634 129
634 171
634 255
634 386
634 388
634 476
634 619
634 767
634 775
634 800
634 899
634 961
634 978
635 7
635 24
635 45
635 63
635 75
635 100
635 118
635 178
635 182
635 195
635 241
635 246
635 294
635 302
635 320
635 323
635 419
635 440
635 553
635 598
635 637
635 646
635 699
635 751
635 763
635 829
635 833
635 836
635 839
635 848
635 855
635 884
635 885
635 943
635 946
635 950
635 979
636 172
636 315
636 316
636 652
636 706
636 937
637 75
637 310
637 380
637 405
637 491
637 635
637 645
637 744
637 864
637 911
638 141
638 144
638 201
638 246
638 275
638 278
638 398
638 456
638 459
638 548
638 562
638 853
638 887
639 45
639 119
639 240
639 517
639 559
639 868
639 962
640 95
640 156
640 209
640 299
640 523
640 545
640 715
640 818
641 1
641 8
641 92
641 113
641 146
641 275
641 325
641 347
641 474
641 491
641 511
641 533
641 596
641 606
641 610
641 626
641 652
641 748
641 781
641 783
641 820
642 147
642 149
642 188
642 287
642 484
642 708
642 775
642 875
642 930
643 61
643 104
643 158
643 212
643 227
643 302
643 310
643 315
643 349
643 368
643 370
643 378
643 382
643 418
643 444
643 455
643 486
643 502
643 542
643 565
643 578
643 606
643 621
643 690
643 717
643 723
643 724
643 736
643 763
643 802
643 825
643 826
643 875
643 934
643 935
643 949
644 455
644 456
644 523
644 657
644 849
644 910
644 920
644 979
645 65
645 211
645 388
645 551
645 637
645 744
645 851
646 3
646 66
646 67
646 107
646 138
646 183
646 202
646 314
646 322
646 369
646 492
646 512
646 534
646 620
646 621
646 635
646 676
647 10
647 83
647 119
647 314
647 317
647 424
647 505
647 550
647 687
647 697
647 708
647 740
647 793
647 872
647 882
647 933
647 972
648 10
648 159
648 229
648 241
648 288
648 383
648 450
648 515
648 626
648 629
648 740
648 806
648 965
649 63
649 302
649 418
649 468
649 523
649 621
649 710
649 776
649 804
649 958
650 35
650 151
650 187
650 280
650 394
650 492
650 542
650 693
650 865
650 879
651 70
651 144
651 250
651 264
651 279
651 282
651 291
651 294
651 315
651 328
651 494
651 530
651 698
651 740
651 780
651 815
651 862
651 957
651 964
652 7
652 66
652 82
652 115
652 153
652 155
652 198
652 250
652 252
652 313
652 320
652 359
652 369
652 373
652 383
652 418
652 422
652 480
652 557
652 568
652 606
652 620
652 636
652 641
652 817
652 843
652 977
653 34
653 67
653 111
653 185
653 342
653 352
653 399
653 430
653 744
653 975
654 15
654 144
654 279
654 460
654 531
654 574
654 717
654 759
654 806
654 901
655 92
655 121
655 327
655 397
655 525
655 528
655 550
655 562
655 726
655 748
655 809
655 926
656 112
656 233
656 248
656 263
656 508
656 624
656 817
656 864
657 91
657 98
657 150
657 290
657 333
657 446
657 644
657 662
658 196
658 589
658 623
658 948
659 66
659 129
659 299
659 370
659 570
659 577
659 587
659 826
659 870
659 879
659 937
659 942
659 967
660 61
660 153
660 172
660 202
660 222
660 341
660 363
660 444
660 470
660 577
660 595
660 601
660 684
660 698
660 756
660 802
660 850
660 879
661 23
661 45
661 504
661 768
661 915
662 36
662 113
662 120
662 218
662 315
662 454
662 657
662 670
662 962
663 97
663 129
663 188
663 191
663 247
663 492
663 509
663 828
663 846
663 894
663 913
664 63
664 253
664 501
664 800
664 879
664 895
664 922
664 951
665 94
665 198
665 314
665 334
665 418
665 497
665 599
666 169
666 274
666 404
666 482
666 609
666 749
666 768
666 847
666 899
666 939
667 11
667 60
667 183
667 514
667 542
667 611
667 700
667 762
667 933
667 945
668 257
668 371
668 379
668 385
668 632
668 744
668 752
668 804
669 15
669 46
669 225
669 293
669 399
669 453
669 488
669 496
669 503
669 529
669 553
669 563
669 593
669 617
669 618
669 697
669 933
670 91
670 218
670 310
670 324
670 662
670 736
670 827
670 901
670 933
671 17
671 106
671 178
671 180
671 221
671 233
671 526
671 606
671 621
671 756
671 809
671 977
672 35
672 45
672 141
672 153
672 168
672 198
672 202
672 264
672 314
672 372
672 399
672 400
672 426
672 432
672 440
672 452
672 465
672 468
672 490
672 533
672 631
672 688
672 708
672 712
672 739
672 773
672 780
672 819
672 850
672 866
672 907
672 922
672 931
672 980
673 153
673 228
673 270
673 497
673 564
673 868
673 888
673 892
673 964
674 115
674 744
674 769
674 878
674 942
675 16
675 201
675 214
675 227
675 322
675 542
675 589
675 619
675 758
675 782
675 814
675 828
675 870
676 246
676 268
676 346
676 403
676 646
676 757
676 859
676 860
677 52
677 138
677 253
677 333
677 355
677 370
677 458
677 486
677 570
677 718
677 849
677 958
678 25
678 178
678 226
678 252
678 436
678 439
678 446
678 684
678 695
678 728
678 763
678 853
678 868
679 91
679 201
679 282
679 397
679 580
679 621
679 702
680 17
680 64
680 69
680 124
680 202
680 286
680 343
680 347
680 468
680 597
680 684
680 706
680 815
680 820
681 75
681 148
681 240
681 296
681 311
681 356
681 397
681 781
681 785
682 85
682 88
682 383
682 495
682 600
682 701
682 724
682 733
682 816
682 830
682 888
683 244
683 292
683 315
683 406
683 445
683 859
684 155
684 271
684 289
684 309
684 315
684 355
684 377
684 424
684 458
684 528
684 531
684 539
684 562
684 576
684 609
684 632
684 660
684 678
684 680
684 748
684 763
684 773
684 822
684 880
684 897
684 902
684 925
684 954
684 972
685 246
685 418
685 554
685 706
685 797
685 859
685 880
685 929
685 958
686 54
686 213
686 268
686 275
686 314
686 316
686 357
686 361
686 381
686 385
686 413
686 420
686 430
686 438
686 464
686 473
686 499
686 529
686 530
686 548
686 553
686 593
686 710
686 718
686 763
686 809
686 815
686 868
686 871
686 889
686 932
686 975
687 52
687 358
687 381
687 493
687 497
687 550
687 647
687 836
687 875
687 964
688 263
688 367
688 375
688 672
688 793
688 812
689 499
689 528
689 690
689 708
689 723
689 758
689 764
689 826
689 856
689 960
689 977
690 64
690 127
690 396
690 443
690 643
690 689
690 781
690 827
690 859
690 860
690 893
691 40
691 431
691 456
691 469
691 470
691 473
691 553
691 749
691 879
691 902
691 913
691 924
691 944
692 134
692 196
692 211
692 359
692 375
692 595
692 873
692 919
693 95
693 354
693 547
693 650
693 783
693 809
694 194
694 470
694 719
694 773
694 779
694 803
694 977
695 52
695 144
695 298
695 619
695 678
695 916
695 940
696 17
696 207
696 379
696 401
696 479
696 539
696 619
696 935
697 10
697 32
697 49
697 91
697 100
697 139
697 186
697 202
697 215
697 219
697 315
697 347
697 357
697 367
697 376
697 393
697 415
697 452
697 483
697 542
697 545
697 582
697 647
697 669
697 777
697 829
697 834
697 866
697 909
697 934
697 943
697 972
698 75
698 83
698 91
698 97
698 159
698 170
698 187
698 198
698 206
698 207
698 231
698 256
698 259
698 262
698 286
698 300
698 310
698 311
698 314
698 315
698 322
698 323
698 333
698 346
698 361
698 379
698 402
698 405
698 426
698 431
698 449
698 468
698 480
698 482
698 520
698 569
698 596
698 619
698 651
698 660
698 725
698 785
698 803
698 826
698 864
698 877
698 880
698 903
698 967
698 972
699 87
699 153
699 231
699 285
699 514
699 533
699 565
699 635
699 776
699 812
699 845
699 903
700 95
700 371
700 667
700 726
700 802
701 149
701 293
701 363
701 512
701 621
701 682
702 64
702 176
702 277
702 307
702 464
702 523
702 679
702 749
702 775
703 347
703 603
703 779
703 816
704 198
704 219
704 320
704 369
704 432
704 570
704 887
705 33
705 269
705 553
705 570
705 744
705 831
705 840
705 844
705 904
705 942
706 60
706 110
706 372
706 414
706 636
706 680
706 685
706 769
706 815
706 854
706 860
706 954
707 13
707 150
707 204
707 218
707 257
707 304
707 328
707 352
707 382
707 390
707 399
707 467
707 475
707 489
707 535
707 553
707 577
707 632
707 744
707 757
707 763
707 796
707 847
707 870
707 904
708 45
708 99
708 218
708 262
708 282
708 302
708 435
708 465
708 564
708 642
708 647
708 672
708 689
708 774
708 779
708 924
708 934
708 960
708 971
709 8
709 161
709 202
709 243
709 274
709 352
709 357
709 711
709 813
709 895
709 915
709 920
710 53
710 141
710 370
710 452
710 518
710 649
710 686
710 723
710 763
710 848
710 902
710 971
711 550
711 709
711 828
711 978
712 71
712 198
712 322
712 608
712 672
712 793
713 66
713 71
713 76
713 87
713 140
713 424
713 523
713 631
713 826
714 328
714 334
714 543
714 715
714 799
714 809
714 830
714 838
714 955
715 147
715 198
715 218
715 223
715 305
715 477
715 512
715 542
715 640
715 714
715 870
715 889
715 892
716 55
716 107
716 628
716 785
716 902
717 119
717 160
717 475
717 600
717 643
717 654
717 799
717 901
717 962
718 134
718 206
718 286
718 393
718 462
718 677
718 686
719 52
719 570
719 694
719 720
719 840
719 880
719 957
720 71
720 619
720 719
720 768
720 912
721 71
721 80
721 290
721 390
721 433
721 470
721 498
721 546
721 593
721 611
721 895
721 978
722 85
722 207
722 223
723 47
723 200
723 237
723 243
723 463
723 643
723 689
723 710
723 758
723 773
723 926
724 53
724 112
724 193
724 334
724 335
724 350
724 368
724 379
724 436
724 498
724 553
724 585
724 593
724 643
724 682
724 735
724 763
724 807
724 866
724 933
724 953
724 972
725 48
725 316
725 390
725 468
725 698
725 772
725 776
725 868
725 942
726 111
726 278
726 369
726 553
726 655
726 700
726 745
726 879
726 882
726 964
727 58
727 183
727 493
727 604
727 621
727 849
727 962
728 176
728 182
728 218
728 314
728 405
728 457
728 529
728 678
728 771
728 954
729 301
729 442
729 443
729 551
729 619
729 783
729 810
730 156
730 170
730 181
730 473
730 530
730 557
731 144
731 478
731 574
731 840
731 885
731 905
732 98
732 137
732 278
732 304
732 311
732 397
732 427
732 749
732 834
733 0
733 367
733 417
733 437
733 531
733 682
734 195
734 227
734 315
734 372
734 814
734 914
734 965
735 4
735 73
735 92
735 141
735 153
735 218
735 293
735 361
735 418
735 528
735 627
735 724
735 828
735 829
735 870
735 933
735 937
736 173
736 257
736 313
736 316
736 508
736 643
736 670
736 879
736 913
737 311
737 496
737 588
737 593
737 611
737 616
737 789
737 858
737 875
738 252
738 455
738 533
738 587
738 598
738 609
739 108
739 201
739 424
739 425
739 565
739 626
739 672
739 894
739 931
739 972
740 100
740 197
740 371
740 378
740 418
740 647
740 648
740 651
740 742
740 849
740 952
740 954
741 22
741 77
741 139
741 228
741 315
741 458
741 499
741 810
742 103
742 129
742 136
742 159
742 175
742 317
742 373
742 437
742 594
742 612
742 740
742 879
742 912
743 6
743 14
743 283
743 367
743 401
743 462
743 523
743 529
743 582
743 850
744 45
744 79
744 80
744 174
744 190
744 191
744 292
744 298
744 311
744 359
744 430
744 469
744 609
744 610
744 637
744 645
744 653
744 668
744 674
744 705
744 707
744 759
744 807
744 850
745 69
745 77
745 83
745 99
745 202
745 331
745 393
745 418
745 446
745 506
745 551
745 726
745 790
745 793
745 841
745 849
745 852
745 885
745 956
746 383
746 864
746 914
746 964
747 428
747 603
747 806
747 883
748 33
748 60
748 89
748 106
748 121
748 208
748 281
748 588
748 641
748 655
748 684
748 851
749 131
749 153
749 189
749 201
749 202
749 242
749 287
749 376
749 486
749 503
749 539
749 542
749 561
749 577
749 666
749 691
749 702
749 732
749 757
749 888
749 901
750 63
750 77
750 92
750 96
750 109
750 185
750 333
750 346
750 349
750 353
750 369
750 370
750 566
750 613
750 788
750 804
750 870
750 962
751 68
751 77
751 93
751 198
751 253
751 260
751 287
751 332
751 424
751 468
751 529
751 558
751 595
751 616
751 635
751 758
751 818
751 956
752 12
752 218
752 221
752 537
752 668
752 763
753 0
753 577
753 598
753 780
753 834
753 934
754 94
754 278
754 289
754 331
754 346
754 576
754 864
754 954
754 959
754 970
755 65
755 149
755 467
755 523
755 588
755 829
755 850
755 954
755 969
756 492
756 545
756 619
756 660
756 671
756 763
756 832
756 954
756 981
757 145
757 260
757 368
757 418
757 676
757 707
757 749
757 766
757 819
757 902
758 77
758 153
758 315
758 393
758 600
758 609
758 675
758 689
758 723
758 751
758 846
758 954
759 52
759 155
759 194
759 278
759 281
759 284
759 312
759 334
759 576
759 654
759 744
759 777
759 838
759 915
759 964
760 51
760 79
760 110
760 153
760 189
760 248
760 301
760 363
760 809
760 822
760 892
761 149
761 218
761 223
761 302
761 320
761 849
761 877
761 934
762 667
762 950
763 79
763 83
763 92
763 107
763 115
763 120
763 138
763 148
763 163
763 169
763 218
763 223
763 247
763 255
763 260
763 282
763 312
763 315
763 318
763 343
763 355
763 360
763 367
763 414
763 418
763 480
763 531
763 539
763 558
763 569
763 576
763 577
763 635
763 643
763 678
763 684
763 686
763 707
763 710
763 724
763 752
763 756
763 780
763 791
763 797
763 812
763 818
763 820
763 826
763 827
763 834
763 840
763 850
763 872
763 875
763 882
763 892
763 910
763 947
763 954
763 964
764 352
764 503
764 597
764 689
764 798
764 885
765 112
765 202
765 218
765 354
765 437
765 794
765 976
766 39
766 133
766 201
766 203
766 252
766 352
766 394
766 434
766 490
766 533
766 589
766 757
766 833
766 868
766 964
767 201
767 634
768 51
768 77
768 201
768 275
768 369
768 390
768 454
768 542
768 587
768 661
768 666
768 720
768 818
768 944
769 75
769 83
769 118
769 120
769 171
769 201
769 218
769 266
769 351
769 368
769 399
769 446
769 470
769 511
769 512
769 529
769 553
769 564
769 605
769 625
769 674
769 706
769 781
769 786
769 792
769 797
769 809
769 818
769 828
769 849
769 889
769 901
769 970
770 124
770 253
770 261
770 262
770 402
770 476
770 788
771 316
771 318
771 470
771 478
771 545
771 558
771 728
771 937
772 98
772 131
772 165
772 172
772 217
772 275
772 725
772 792
772 848
772 979
773 410
773 527
773 672
773 684
773 694
773 723
774 95
774 149
774 171
774 206
774 333
774 365
774 370
774 470
774 708
774 885
774 897
774 913
775 138
775 218
775 314
775 446
775 523
775 634
775 642
775 702
775 820
775 893
775 903
776 198
776 287
776 404
776 432
776 509
776 649
776 699
776 725
776 791
776 881
776 909
777 54
777 107
777 120
777 230
777 232
777 271
777 346
777 366
777 372
777 387
777 414
777 461
777 539
777 609
777 697
777 759
777 791
777 820
777 828
777 829
777 955
778 36
778 100
778 118
778 183
778 300
778 334
779 141
779 181
779 184
779 520
779 582
779 602
779 694
779 703
779 708
779 854
779 943
779 953
779 978
780 64
780 169
780 202
780 208
780 261
780 289
780 434
780 520
780 568
780 651
780 672
780 753
780 763
780 807
780 934
780 954
780 971
781 59
781 62
781 153
781 240
781 251
781 255
781 298
781 308
781 325
781 333
781 335
781 355
781 417
781 424
781 448
781 463
781 467
781 494
781 593
781 622
781 641
781 681
781 690
781 769
781 791
781 807
781 833
781 864
781 932
781 950
781 979
782 287
782 320
782 376
782 476
782 542
782 675
782 861
783 58
783 85
783 141
783 144
783 169
783 198
783 241
783 357
783 399
783 410
783 498
783 508
783 512
783 550
783 555
783 641
783 693
783 729
783 797
783 802
783 826
783 828
783 894
784 154
784 302
784 508
784 816
784 874
784 897
785 70
785 155
785 168
785 319
785 568
785 575
785 681
785 698
785 716
786 157
786 218
786 543
786 598
786 769
786 936
786 969
787 44
787 51
787 139
787 166
787 180
787 206
787 300
787 305
787 529
787 570
787 602
788 188
788 195
788 210
788 314
788 399
788 439
788 539
788 750
788 770
789 558
789 619
789 624
789 737
789 864
790 43
790 92
790 349
790 468
790 745
791 246
791 304
791 315
791 406
791 763
791 776
791 777
791 781
791 809
791 885
791 933
792 91
792 107
792 282
792 769
792 772
793 50
793 87
793 129
793 246
793 270
793 291
793 452
793 530
793 562
793 569
793 647
793 688
793 712
793 745
793 817
793 954
793 978
794 83
794 123
794 149
794 165
794 465
794 765
795 97
795 106
795 333
795 365
795 374
795 529
795 558
795 809
795 833
795 870
795 885
796 85
796 277
796 389
796 560
796 572
796 633
796 707
796 798
796 956
796 978
797 181
797 195
797 275
797 499
797 512
797 534
797 575
797 616
797 685
797 763
797 769
797 783
797 813
797 851
797 923
797 972
798 58
798 142
798 150
798 267
798 331
798 366
798 405
798 426
798 441
798 477
798 511
798 561
798 598
798 607
798 764
798 796
798 828
798 853
798 864
798 902
798 922
798 936
798 966
799 83
799 169
799 299
799 315
799 511
799 714
799 717
799 844
799 899
800 68
800 112
800 218
800 474
800 482
800 576
800 588
800 634
800 664
800 849
800 897
800 966
801 288
801 333
801 399
802 94
802 136
802 177
802 470
802 479
802 485
802 608
802 609
802 643
802 660
802 700
802 783
802 900
802 933
803 45
803 92
803 224
803 460
803 482
803 518
803 602
803 606
803 694
803 698
803 817
803 899
804 68
804 84
804 126
804 198
804 208
804 214
804 333
804 368
804 563
804 609
804 649
804 668
804 750
804 830
804 952
805 77
805 109
805 535
805 610
805 820
805 824
805 826
805 909
805 914
805 920
805 964
806 57
806 112
806 173
806 278
806 399
806 434
806 452
806 539
806 605
806 648
806 654
806 747
806 840
806 867
806 973
807 86
807 282
807 435
807 724
807 744
807 780
807 781
807 966
808 71
808 77
808 122
808 218
808 400
808 567
808 574
808 935
809 4
809 94
809 116
809 122
809 144
809 149
809 185
809 190
809 198
809 214
809 223
809 319
809 365
809 430
809 451
809 498
809 502
809 513
809 525
809 529
809 564
809 567
809 574
809 577
809 582
809 593
809 598
809 615
809 655
809 671
809 686
809 693
809 714
809 760
809 769
809 791
809 795
809 824
809 848
809 853
809 869
809 921
809 947
810 51
810 57
810 139
810 166
810 202
810 249
810 357
810 558
810 729
810 741
810 860
810 964
811 52
811 325
811 334
811 467
811 929
812 4
812 165
812 220
812 260
812 369
812 503
812 688
812 699
812 763
812 815
812 907
813 253
813 390
813 515
813 602
813 709
813 797
813 814
813 838
813 840
814 119
814 201
814 277
814 346
814 405
814 512
814 541
814 558
814 623
814 675
814 734
814 813
814 818
815 45
815 47
815 98
815 101
815 117
815 198
815 218
815 229
815 267
815 290
815 302
815 342
815 355
815 468
815 550
815 582
815 609
815 633
815 651
815 680
815 686
815 706
815 812
815 826
815 861
816 112
816 390
816 422
816 433
816 682
816 703
816 784
817 126
817 238
817 282
817 287
817 326
817 383
817 467
817 478
817 490
817 524
817 557
817 652
817 656
817 793
817 803
817 888
818 19
818 24
818 129
818 211
818 276
818 372
818 455
818 464
818 469
818 512
818 532
818 558
818 612
818 640
818 751
818 763
818 768
818 769
818 814
818 858
818 901
818 929
819 127
819 253
819 384
819 588
819 597
819 672
819 757
819 868
819 945
820 19
820 52
820 88
820 177
820 192
820 216
820 333
820 362
820 391
820 452
820 475
820 505
820 622
820 628
820 641
820 680
820 763
820 775
820 777
820 805
820 838
820 879
820 892
820 897
820 914
820 972
821 46
821 55
821 214
821 339
821 356
821 357
821 414
822 48
822 54
822 171
822 227
822 282
822 412
822 684
822 760
823 6
823 80
823 100
823 260
823 332
823 604
824 118
824 202
824 366
824 559
824 805
824 809
825 462
825 643
825 890
825 933
826 10
826 54
826 79
826 93
826 94
826 103
826 150
826 169
826 180
826 181
826 242
826 258
826 264
826 283
826 293
826 302
826 308
826 310
826 314
826 333
826 342
826 380
826 390
826 469
826 479
826 520
826 533
826 543
826 621
826 625
826 643
826 659
826 689
826 698
826 713
826 763
826 783
826 805
826 815
826 828
826 868
826 870
826 880
826 925
826 968
827 98
827 129
827 138
827 176
827 206
827 260
827 276
827 278
827 333
827 368
827 584
827 670
827 690
827 763
827 892
827 914
828 171
828 176
828 182
828 201
828 257
828 276
828 277
828 278
828 333
828 338
828 342
828 431
828 448
828 461
828 557
828 559
828 577
828 587
828 604
828 663
828 675
828 711
828 735
828 769
828 777
828 783
828 798
828 826
828 843
828 902
828 903
828 904
828 945
828 954
829 45
829 48
829 49
829 102
829 113
829 238
829 275
829 289
829 316
829 334
829 372
829 402
829 415
829 452
829 454
829 502
829 508
829 511
829 530
829 531
829 538
829 553
829 566
829 601
829 635
829 697
829 735
829 755
829 777
829 830
829 865
829 875
829 880
829 911
829 917
829 954
829 972
830 146
830 405
830 682
830 714
830 804
830 829
831 95
831 135
831 418
831 481
831 490
831 611
831 705
831 871
831 970
832 135
832 175
832 276
832 529
832 558
832 620
832 756
832 905
833 163
833 342
833 369
833 418
833 568
833 579
833 635
833 766
833 781
833 795
833 907
833 946
833 978
834 343
834 355
834 477
834 513
834 531
834 608
834 697
834 732
834 753
834 763
834 889
834 948
835 13
835 107
835 209
835 277
835 565
836 145
836 218
836 424
836 461
836 567
836 635
836 687
836 893
837 90
837 164
837 189
837 231
837 321
837 381
837 393
837 418
837 431
837 855
837 891
838 83
838 160
838 234
838 307
838 327
838 348
838 521
838 546
838 621
838 714
838 759
838 813
838 820
838 839
838 847
838 868
838 969
839 176
839 214
839 223
839 422
839 635
839 838
840 56
840 59
840 71
840 83
840 189
840 350
840 358
840 489
840 506
840 518
840 542
840 558
840 584
840 705
840 719
840 731
840 763
840 806
840 813
840 892
841 309
841 315
841 327
841 369
841 553
841 745
842 65
842 125
842 161
842 198
843 177
843 220
843 298
843 399
843 628
843 652
843 828
843 870
843 968
844 192
844 197
844 237
844 360
844 622
844 628
844 705
844 799
845 287
845 513
845 699
846 112
846 125
846 351
846 354
846 467
846 483
846 498
846 558
846 600
846 663
846 758
846 878
846 906
846 946
846 954
847 75
847 97
847 181
847 247
847 276
847 548
847 666
847 707
847 838
847 880
848 45
848 60
848 150
848 218
848 231
848 253
848 289
848 335
848 421
848 510
848 530
848 535
848 570
848 635
848 710
848 772
848 809
848 864
848 884
848 892
848 895
849 45
849 135
849 230
849 278
849 284
849 316
849 333
849 364
849 440
849 476
849 548
849 629
849 644
849 677
849 727
849 740
849 745
849 761
849 769
849 800
849 936
849 952
850 117
850 198
850 463
850 570
850 660
850 672
850 743
850 744
850 755
850 763
850 892
850 900
851 67
851 165
851 516
851 570
851 573
851 645
851 748
851 797
851 967
852 105
852 124
852 299
852 327
852 349
852 422
852 455
852 539
852 570
852 745
853 470
853 582
853 632
853 638
853 678
853 798
853 809
854 22
854 194
854 470
854 523
854 706
854 779
855 203
855 307
855 377
855 540
855 635
855 837
856 46
856 136
856 246
856 375
856 508
856 689
856 886
856 907
856 921
856 933
856 955
857 218
857 296
857 335
857 896
857 924
857 933
857 935
857 965
858 103
858 114
858 144
858 164
858 567
858 737
858 818
859 3
859 167
859 298
859 583
859 676
859 683
859 685
859 690
860 153
860 325
860 356
860 359
860 676
860 690
860 706
860 810
860 892
861 71
861 218
861 223
861 347
861 361
861 525
861 782
861 815
861 950
862 153
862 222
862 343
862 370
862 373
862 499
862 553
862 651
862 866
863 218
863 605
863 619
864 89
864 92
864 103
864 230
864 241
864 253
864 334
864 338
864 353
864 371
864 390
864 400
864 405
864 419
864 443
864 498
864 532
864 544
864 575
864 591
864 593
864 606
864 637
864 656
864 698
864 746
864 754
864 781
864 789
864 798
864 848
864 871
864 877
864 879
864 892
864 927
864 933
864 950
864 955
865 127
865 265
865 333
865 383
865 394
865 553
865 632
865 650
865 829
865 869
865 895
866 372
866 672
866 697
866 724
866 862
866 875
866 895
866 920
867 159
867 247
867 470
867 494
867 505
867 556
867 576
867 609
867 806
868 2
868 30
868 54
868 132
868 232
868 245
868 347
868 376
868 536
868 552
868 575
868 595
868 639
868 673
868 678
868 686
868 725
868 766
868 819
868 826
868 838
868 907
868 943
869 33
869 71
869 125
869 202
869 314
869 397
869 418
869 432
869 468
869 528
869 809
869 865
869 954
870 153
870 155
870 240
870 289
870 411
870 465
870 470
870 579
870 659
870 675
870 707
870 715
870 735
870 750
870 795
870 826
870 843
870 930
870 931
870 940
870 976
871 55
871 60
871 319
871 565
871 620
871 686
871 831
871 864
871 970
872 22
872 342
872 647
872 763
872 954
873 118
873 226
873 267
873 367
873 377
873 392
873 436
873 506
873 692
873 933
874 115
874 561
874 610
874 624
874 784
875 45
875 95
875 104
875 213
875 225
875 276
875 302
875 434
875 509
875 565
875 582
875 586
875 642
875 643
875 687
875 737
875 763
875 829
875 866
876 46
876 90
876 155
876 196
876 221
876 286
876 322
876 394
876 600
876 601
876 893
876 971
877 93
877 198
877 300
877 306
877 402
877 514
877 527
877 698
877 761
877 864
877 930
878 87
878 117
878 178
878 302
878 306
878 314
878 565
878 674
878 846
879 77
879 98
879 99
879 125
879 153
879 165
879 170
879 198
879 271
879 302
879 314
879 315
879 344
879 406
879 452
879 476
879 529
879 601
879 610
879 650
879 659
879 660
879 664
879 691
879 726
879 736
879 742
879 820
879 864
879 928
879 952
879 970
880 153
880 201
880 233
880 278
880 549
880 684
880 685
880 698
880 719
880 826
880 829
880 847
880 889
881 334
881 367
881 591
881 776
882 17
882 266
882 293
882 332
882 467
882 512
882 647
882 726
882 763
882 950
883 7
883 277
883 315
883 350
883 437
883 456
883 529
883 586
883 624
883 747
883 892
883 964
883 970
884 61
884 65
884 92
884 163
884 218
884 321
884 474
884 522
884 577
884 635
884 848
885 152
885 182
885 303
885 321
885 379
885 390
885 441
885 499
885 561
885 635
885 731
885 745
885 764
885 774
885 791
885 795
885 892
885 964
885 975
885 979
886 353
886 382
886 399
886 455
886 540
886 856
887 71
887 178
887 198
887 365
887 511
887 565
887 638
887 704
887 966
888 58
888 60
888 95
888 181
888 233
888 270
888 314
888 351
888 372
888 390
888 490
888 511
888 597
888 673
888 682
888 749
888 817
888 889
888 899
888 930
889 73
889 77
889 87
889 92
889 102
889 133
889 144
889 188
889 235
889 255
889 264
889 313
889 326
889 366
889 404
889 446
889 478
889 500
889 517
889 520
889 561
889 615
889 686
889 715
889 769
889 834
889 880
889 888
889 907
889 914
889 938
889 944
890 275
890 331
890 432
890 625
890 825
891 68
891 168
891 176
891 223
891 246
891 362
891 412
891 555
891 837
891 892
892 26
892 71
892 84
892 87
892 198
892 204
892 228
892 274
892 319
892 322
892 366
892 370
892 403
892 405
892 508
892 544
892 582
892 585
892 596
892 600
892 673
892 715
892 760
892 763
892 820
892 827
892 840
892 848
892 850
892 860
892 864
892 883
892 885
892 891
892 901
892 921
892 935
892 955
892 979
893 90
893 179
893 189
893 198
893 246
893 455
893 508
893 571
893 690
893 775
893 836
893 876
893 900
894 54
894 223
894 353
894 570
894 663
894 739
894 783
894 943
895 102
895 115
895 146
895 150
895 184
895 255
895 286
895 328
895 372
895 418
895 492
895 495
895 529
895 621
895 628
895 631
895 664
895 709
895 721
895 848
895 865
895 866
895 935
895 941
896 29
896 106
896 153
896 203
896 363
896 553
896 560
896 609
896 857
896 907
897 49
897 112
897 128
897 133
897 203
897 251
897 380
897 464
897 520
897 523
897 551
897 553
897 567
897 572
897 584
897 684
897 774
897 784
897 800
897 820
897 911
897 958
898 493
899 77
899 198
899 246
899 339
899 385
899 455
899 477
899 558
899 633
899 634
899 666
899 799
899 803
899 888
899 972
900 86
900 154
900 240
900 376
900 397
900 461
900 609
900 802
900 850
900 893
901 66
901 68
901 75
901 91
901 146
901 148
901 212
901 218
901 241
901 282
901 285
901 314
901 333
901 364
901 379
901 472
901 485
901 508
901 612
901 654
901 670
901 717
901 749
901 769
901 818
901 892
901 942
901 950
901 953
901 970
902 3
902 4
902 10
902 56
902 70
902 83
902 170
902 202
902 253
902 276
902 278
902 302
902 303
902 306
902 349
902 371
902 372
902 388
902 397
902 406
902 488
902 529
902 550
902 553
902 603
902 608
902 684
902 691
902 710
902 716
902 757
902 798
902 828
902 926
902 947
902 964
902 981
903 6
903 231
903 301
903 372
903 512
903 698
903 699
903 775
903 828
904 53
904 68
904 165
904 302
904 315
904 334
904 336
904 381
904 508
904 538
904 621
904 705
904 707
904 828
904 945
905 134
905 195
905 419
905 513
905 731
905 832
906 68
906 88
906 96
906 168
906 202
906 213
906 252
906 271
906 616
906 846
906 931
906 934
907 72
907 75
907 91
907 118
907 198
907 200
907 202
907 223
907 285
907 304
907 388
907 473
907 479
907 608
907 616
907 672
907 812
907 833
907 856
907 868
907 889
907 896
907 950
907 964
908 327
908 964
909 2
909 65
909 342
909 481
909 508
909 697
909 776
909 805
909 913
910 55
910 230
910 390
910 398
910 438
910 531
910 644
910 763
910 964
911 59
911 157
911 201
911 300
911 305
911 321
911 331
911 333
911 346
911 381
911 400
911 466
911 469
911 471
911 519
911 529
911 582
911 624
911 637
911 829
911 897
911 920
911 940
911 953
911 976
912 57
912 309
912 533
912 584
912 720
912 742
912 924
912 960
913 236
913 328
913 382
913 385
913 447
913 550
913 593
913 663
913 691
913 736
913 774
913 909
913 924
914 26
914 206
914 621
914 734
914 746
914 805
914 820
914 827
914 889
915 189
915 205
915 368
915 408
915 483
915 582
915 661
915 709
915 759
915 940
916 107
916 185
916 202
916 390
916 468
916 508
916 576
916 611
916 621
916 695
917 26
917 87
917 410
917 446
917 588
917 829
918 30
918 192
918 208
918 432
918 530
918 624
919 59
919 112
919 205
919 221
919 499
919 542
919 692
920 92
920 131
920 191
920 193
920 226
920 246
920 435
920 455
920 555
920 619
920 644
920 709
920 805
920 866
920 911
920 931
921 58
921 108
921 159
921 233
921 355
921 413
921 416
921 619
921 809
921 856
921 892
921 950
922 138
922 218
922 315
922 458
922 519
922 523
922 545
922 584
922 664
922 672
922 798
923 79
923 272
923 297
923 345
923 410
923 417
923 420
923 497
923 797
924 50
924 181
924 218
924 225
924 294
924 304
924 372
924 691
924 708
924 857
924 912
924 913
925 71
925 126
925 158
925 315
925 420
925 684
925 826
926 144
926 470
926 655
926 723
926 902
927 67
927 79
927 93
927 161
927 198
927 248
927 544
927 864
928 153
928 155
928 204
928 357
928 432
928 604
928 623
928 879
929 124
929 173
929 200
929 218
929 225
929 244
929 314
929 438
929 545
929 565
929 685
929 811
929 818
929 956
929 964
930 304
930 336
930 495
930 570
930 604
930 642
930 870
930 877
930 888
930 931
931 113
931 240
931 315
931 371
931 498
931 508
931 578
931 672
931 739
931 870
931 906
931 920
931 930
931 970
932 83
932 124
932 396
932 686
932 781
932 970
933 40
933 84
933 194
933 229
933 250
933 253
933 272
933 278
933 402
933 469
933 485
933 498
933 529
933 553
933 569
933 582
933 626
933 647
933 667
933 669
933 670
933 724
933 735
933 791
933 802
933 825
933 856
933 857
933 864
933 873
933 937
934 77
934 99
934 208
934 214
934 315
934 409
934 435
934 439
934 643
934 697
934 708
934 753
934 761
934 780
934 906
934 958
935 56
935 79
935 137
935 488
935 582
935 610
935 618
935 643
935 696
935 808
935 857
935 892
935 895
936 342
936 542
936 786
936 798
936 849
937 137
937 142
937 149
937 169
937 509
937 542
937 555
937 636
937 659
937 735
937 771
937 933
938 52
938 268
938 276
938 593
938 889
939 189
939 315
939 322
939 435
939 569
939 613
939 666
940 2
940 124
940 435
940 452
940 512
940 695
940 870
940 911
940 915
941 83
941 100
941 139
941 190
941 240
941 243
941 594
941 895
941 949
941 972
942 298
942 456
942 531
942 659
942 674
942 705
942 725
942 901
943 267
943 334
943 337
943 343
943 553
943 583
943 635
943 697
943 779
943 868
943 894
944 63
944 192
944 371
944 490
944 538
944 551
944 691
944 768
944 889
944 954
944 961
945 236
945 246
945 341
945 529
945 623
945 667
945 819
945 828
945 904
945 950
946 226
946 593
946 621
946 635
946 833
946 846
946 964
946 975
947 20
947 159
947 182
947 201
947 295
947 304
947 319
947 328
947 423
947 476
947 515
947 763
947 809
947 902
948 443
948 593
948 658
948 834
949 98
949 184
949 299
949 305
949 426
949 468
949 588
949 643
949 941
949 955
950 68
950 99
950 102
950 103
950 136
950 331
950 355
950 371
950 410
950 467
950 508
950 553
950 560
950 613
950 629
950 635
950 762
950 781
950 861
950 864
950 882
950 901
950 907
950 921
950 945
951 37
951 266
951 282
951 616
951 664
952 52
952 386
952 488
952 740
952 804
952 849
952 879
953 25
953 83
953 584
953 724
953 779
953 901
953 911
954 64
954 70
954 73
954 83
954 203
954 237
954 246
954 277
954 278
954 290
954 302
954 314
954 330
954 345
954 373
954 379
954 380
954 401
954 416
954 426
954 443
954 459
954 498
954 503
954 537
954 560
954 684
954 706
954 728
954 740
954 754
954 755
954 756
954 758
954 763
954 780
954 793
954 828
954 829
954 846
954 869
954 872
954 944
954 964
954 970
955 8
955 285
955 318
955 355
955 379
955 588
955 714
955 777
955 856
955 864
955 892
955 949
956 198
956 252
956 366
956 745
956 751
956 796
956 929
957 61
957 218
957 282
957 302
957 399
957 476
957 499
957 558
957 651
957 719
958 258
958 475
958 566
958 570
958 649
958 677
958 685
958 897
958 934
959 15
959 68
959 106
959 257
959 399
959 435
959 463
959 495
959 542
959 754
959 960
960 68
960 79
960 340
960 342
960 494
960 507
960 530
960 561
960 593
960 624
960 689
960 708
960 912
960 959
961 179
961 252
961 296
961 355
961 432
961 480
961 549
961 556
961 634
961 944
962 93
962 139
962 145
962 173
962 182
962 203
962 227
962 267
962 320
962 323
962 405
962 422
962 470
962 639
962 662
962 717
962 727
962 750
963 211
963 371
963 399
964 5
964 48
964 61
964 83
964 98
964 146
964 176
964 205
964 228
964 258
964 269
964 277
964 278
964 298
964 302
964 315
964 321
964 355
964 389
964 410
964 411
964 414
964 452
964 479
964 498
964 517
964 604
964 606
964 626
964 651
964 673
964 687
964 726
964 746
964 759
964 763
964 766
964 805
964 810
964 883
964 885
964 902
964 907
964 908
964 910
964 929
964 946
964 954
964 978
965 100
965 523
965 544
965 565
965 648
965 734
965 857
966 124
966 149
966 278
966 312
966 398
966 432
966 530
966 593
966 798
966 800
966 807
966 887
967 210
967 308
967 482
967 569
967 659
967 698
967 851
968 306
968 448
968 508
968 527
968 620
968 826
968 843
969 264
969 282
969 354
969 496
969 559
969 593
969 755
969 786
969 838
970 11
970 19
970 35
970 77
970 98
970 141
970 144
970 153
970 202
970 215
970 230
970 237
970 295
970 299
970 329
970 339
970 467
970 471
970 515
970 525
970 588
970 594
970 628
970 754
970 769
970 831
970 871
970 879
970 883
970 901
970 931
970 932
970 954
970 979
970 981
971 42
971 91
971 141
971 183
971 354
971 476
971 542
971 708
971 710
971 780
971 876
972 88
972 114
972 218
972 225
972 271
972 278
972 325
972 330
972 360
972 379
972 390
972 399
972 424
972 433
972 482
972 503
972 511
972 525
972 540
972 564
972 582
972 596
972 647
972 684
972 697
972 698
972 724
972 739
972 797
972 820
972 829
972 899
972 941
973 218
973 365
973 504
973 583
973 806
974 98
974 227
974 492
975 119
975 252
975 263
975 547
975 561
975 571
975 653
975 686
975 885
975 946
976 94
976 162
976 201
976 624
976 765
976 870
976 911
977 188
977 242
977 277
977 302
977 331
977 349
977 469
977 508
977 512
977 567
977 652
977 671
977 689
977 694
978 77
978 90
978 125
978 159
978 186
978 246
978 260
978 265
978 376
978 447
978 545
978 620
978 626
978 634
978 711
978 721
978 779
978 793
978 796
978 833
978 964
979 14
979 49
979 51
979 103
979 153
979 201
979 218
979 299
979 315
979 349
979 395
979 477
979 518
979 553
979 565
979 570
979 605
979 631
979 635
979 644
979 772
979 781
979 885
979 892
979 970
980 153
980 218
980 253
980 278
980 281
980 459
980 541
980 672
981 298
981 309
981 455
981 555
981 756
981 902
981 970
